1 0.1671875 0.49609375 0.309375 0.1453125
0 0.0703125 0.52734375 0.140625 0.0828125
0 0.903125 0.1109375 0.1875 0.221875
0 0.290625 0.96328125 0.02265625 0.0375
0 0.3015625 0.86171875 0.033984375 0.0875
2 0.2765625 0.9015625 0.1875 0.196875
1 0.08671875 0.88203125 0.1734375 0.2359375
0 0.21484375 0.990625 0.0328125 0.01875
0 0.13828125 0.915625 0.04375 0.059765625
2 0.4953125 0.85078125 0.16875 0.2984375
0 0.35390625 0.9859375 0.0265625 0.028125
0 0.290625 0.96875 0.059375 0.0453125
2 0.5796875 0.56875 0.5796875 1 0.78234375 1 0.784375 0.9796875 0.6590891765625 0.56875 0.5796875 0.56875