2 0.109375 0.146875 0.21875 0.29375
2 0.1296875 0.55234375 0.259375 0.1140625
0 0.12734375 0.0375 0.1578125 0.075
0 0.16640625 0.05625 0.0625 0.043359375
2 0.03671875 0.0875 0.0734375 0.175
0 0.07578125 0.1 0.1515625 0.2
0 0.13984375 0.56953125 0.0671875 0.0796875
2 0.6881798124999999 0 0.6359375 0.559375 0.65 0.590625 0.66875 0.609375 0.863152690625 0.609375 0.8796875 0.490625 0.9 0.40625 0.9 0.3375 0.9296875 0.1078125 0.95 0.003125 0.950115740625 0 0.6881798124999999 0
0 0.86015625 0.15703125 0.1390625 0.3140625
0 0.68515625 0.21640625 0.0578125 0.2421875
0 0.77421875 0.534375 0.1203125 0.15
2 0.45 0.6174294359375 0.2484375 0.8046875 0.24375 0.85625 0.2609375 0.9234375 0.2875 0.975 0.3109848484375 1 0.4036458328125 1 0.45 0.9516304343750001 0.45 0.6174294359375