1 0.06796875 0.5046875 0.1359375 0.090625
0 0.3609375 0.42578125 0.094140625 0.098828125
0 0.23203125 0.49453125 0.0578125 0.1109375
0 0.0640625 0.5421875 0.065625 0.015625
0 0.0796875 0.17578125 0.09296875 0.0609375
0 0.065625 0.28515625 0.13125 0.0609375
2 0.0640625 0.1828125 0.128125 0.353125
0 0.07109375 0.21640625 0.125 0.0953125
2 0.265625 0.36328125 0.28125 0.3734375
1 0.13515625 0.04921875 0.2171875 0.0984375
0 0.0390625 0.1734375 0.078125 0.140625
0 0.21015625 0.2578125 0.08125 0.108984375
2 0.5796875 0.2567228625 0.653125 0.2828125 0.66875 0.2765625 0.7 0.2328125 0.721875 0.2328125 0.7640625 0.246875 0.7890625 0.24375 0.828125 0.2015625 0.8453125 0.15625 0.8375 0.140625 0.7765625 0.1109375 0.8015625 0.0625 0.7984375 0.0484375 0.7875 0.0375 0.721875 0.0078125 0.66875 0 0.653125 0.0109375 0.5796875 0.11907623593750001 0.5796875 0.2567228625
1 0.5796875 0.50399709375 0.5953125 0.515625 0.6484375 0.53125 0.709375 0.471875 0.725 0.475 0.7765625 0.50625 0.790625 0.5078125 0.821875 0.4921875 0.8546875 0.4609375 0.875 0.4203125 0.875 0.40625 0.8671875 0.3984375 0.8109375 0.3625 0.771875 0.3453125 0.703125 0.3359375 0.6453125 0.3484375 0.6046875 0.3703125 0.5796875 0.3933894234375 0.5796875 0.50399709375
2 1 0.109375 0.990625 0.11875 0.8796875 0.25 0.8765625 0.2640625 0.8875 0.2765625 0.959375 0.315625 1 0.32465277812500004 1 0.109375
1 0.0629261359375 0.55 0.0703125 0.5703125 0.08125 0.5765625 0.23125 0.5765625 0.2375 0.5921875 0.2359375 0.6890625 0.24375 0.6984375 0.41875 0.7046875 0.534375 0.696875 0.5421875 0.66875 0.5375 0.60625 0.546875 0.58125 0.5375 0.5640625 0.5359714671875 0.55 0.0629261359375 0.55
1 0.5796875 0.744375 0.5828125 0.746875 0.6671875 0.7484375 0.703125 0.7421875 0.7265625 0.7296875 0.71875 0.653125 0.6875 0.596875 0.65 0.571875 0.6109375 0.55625 0.5796875 0.553409090625 0.5796875 0.744375
2 1 1 1 0.99677734375 0.9859375 0.9765625 0.96875 0.96875 0.909375 0.9703125 0.9 0.9265625 0.8828125 0.921875 0.7984375 0.9265625 0.7578125 0.9421875 0.76494006875 1 1 1
1 0.5796875 1 0.74609375 1 0.7625 0.9859375 0.7640625 0.9734375 0.684375 0.9265625 0.6453125 0.9140625 0.5921875 0.9625 0.5796875 0.9875 0.5796875 1