0 0.74296875 0.25703125 0.059375 0.0375
0 0.61953125 0.3171875 0.0703125 0.0328125
2 0.7296875 0.284375 0.4296875 0.18984375
2 0.16875 0.4953125 0.32109375 0.2828125
0 0.20078125 0.51796875 0.171875 0.0640625
0 0.73046875 0.640625 0.1421875 0.06171875
0 0.9015625 0.28046875 0.04765625 0.025
0 0.38046875 0.7859375 0.1078125 0.16328125
0 0.90859375 0.46484375 0.0640625 0.04609375
0 0.053125 0.48125 0.10625 0.071875
0 0.01953125 0.38046875 0.03671875 0.02265625
2 0.1796875 0.51640625 0.3140625 0.08046875
1 0.454248365625 0.5911764703125 0.44444444375 0.5970588234374999 0.4274509796875 0.6036764703124999 0.419934640625 0.6095588234375 0.40653594843749996 0.6169117640625 0.3990196078125 0.623774509375 0.3892156859375 0.6306372546875 0.38333333281250004 0.6375 0.3764705875 0.6431372546875 0.3650326796875 0.6568627453125 0.3506535953125 0.6801470593750001 0.3392156859375 0.7049019609375 0.3326797390625 0.7240196078125 0.326143790625 0.7379901953125 0.31960784375 0.7583333328124999 0.312091503125 0.771813725 0.30032679687499997 0.8009803921875 0.2947712421875 0.8200980390625 0.2875817 0.8345588234375001 0.28366013125 0.846813725 0.283986928125 0.8610294125 0.28954248437499996 0.8686274515625 0.298039215625 0.8754901953124999 0.308169934375 0.880147059375 0.3202614375 0.8877450984375 0.366013071875 0.9014705875000001 0.39836601250000003 0.9063725484375 0.40196078437500005 0.9078431374999999 0.40555555625000006 0.9115196078125001 0.4166666671875 0.910539215625 0.4254901953125 0.9139705875 0.43464052343750004 0.9154411765624999 0.47287581718749994 0.9174019609374999 0.5147058828125 0.917647059375 0.5411764703124999 0.9166666671874999 0.5555555562500001 0.9139705875 0.5594771234375 0.9125 0.5673202609375 0.9056372546875 0.5722222218749999 0.8995098046875001 0.57418300625 0.894117646875 0.58366013125 0.860539215625 0.591830065625 0.8095588234375001 0.594117646875 0.7860294125 0.5973856203125 0.7813725484375 0.6078431375 0.777696078125 0.6346405234375 0.7796568625 0.658169934375 0.7823529406249999 0.6849673203125 0.7879901953124999 0.7228758171874999 0.79289215625 0.7408496734375001 0.7938725484375 0.746405228125 0.7938725484375 0.75228758125 0.7916666671875 0.7601307187499999 0.7870098046875 0.764379084375 0.7823529406249999 0.773856209375 0.7681372546875 0.7807189546875 0.7541666671875 0.7928104578124999 0.7181372546875 0.798039215625 0.6914215687499999 0.8 0.673039215625 0.7993464046875001 0.669117646875 0.7954248359375 0.6634803921875 0.7875816999999999 0.659313725 0.785620915625 0.6568627453125 0.7934640515625 0.643382353125 0.796405228125 0.6352941171875 0.794117646875 0.6220588234375 0.7908496734375 0.6169117640625 0.776143790625 0.6068627453125 0.76797385625 0.6041666671875 0.746405228125 0.6024509796874999 0.7062091500000001 0.597303921875 0.6761437906250001 0.5904411765625001 0.6228758171875 0.584068628125 0.5954248359375 0.5779411765625 0.559803921875 0.5764705875 0.5330065359375 0.577696078125 0.49509803906250005 0.5813725484375001 0.454248365625 0.5911764703125
1 1 0.5642156859375 0.9869281046875 0.5588235296875 0.9807189546874999 0.55392156875 0.9647058828124999 0.546813725 0.9624183000000001 0.5443627453125 0.9627450984375001 0.5411764703124999 0.9712418296875001 0.5306372546875 0.9800653593750001 0.523774509375 0.9885620921875 0.5102941171875 0.9908496734375 0.5041666671875 0.9921568625000001 0.4936274515625 0.9875817 0.480882353125 0.9790849671874999 0.4681372546875 0.9702614374999999 0.4610294125 0.9624183000000001 0.4522058828125 0.950326796875 0.4470588234375 0.9477124187499999 0.447303921875 0.9336601312499999 0.45490196093749996 0.9261437906250001 0.4607843140625 0.9166666671874999 0.4639705875 0.9130718953124999 0.4671568625 0.9094771234374999 0.4669117640625 0.9091503265625 0.45857843125000003 0.9169934640624999 0.446813725 0.9166666671874999 0.44117647031249996 0.9133986921874999 0.4372549015625 0.9094771234374999 0.43504902031250003 0.9003267968750001 0.43333333281249997 0.8895424843749999 0.43333333281249997 0.872222221875 0.4375 0.863725490625 0.440686275 0.85392156875 0.4470588234375 0.8418300656250001 0.45269607812499996 0.8215686281249999 0.46789215625 0.8049019609375 0.48455882343749995 0.7947712421875 0.49191176406250003 0.7888888890625 0.49852941250000005 0.781699346875 0.5036764703125 0.7764705875 0.509803921875 0.7673202609375 0.51642156875 0.7549019609375 0.52892156875 0.745751634375 0.5438725484375 0.7434640515625001 0.5585784312500001 0.744117646875 0.5700980390625 0.7486928109375001 0.58210784375 0.7549019609375 0.5936274515625 0.7591503265624999 0.59926470625 0.7692810453125001 0.6080882359374999 0.78823529375 0.61642156875 0.7990196078125 0.6259803921875 0.816013071875 0.6313725484375 0.8248366015625 0.6375 0.8437908500000001 0.648039215625 0.8614379078125 0.655882353125 0.8689542484375 0.661274509375 0.8830065359375 0.6674019609374999 0.8928104578125 0.6735294125 0.901960784375 0.6772058828125 0.917647059375 0.685539215625 0.9254901953125 0.6877450984375 0.936274509375 0.6875 0.963725490625 0.6779411765625001 0.9735294124999999 0.6720588234375 0.985620915625 0.6573529406249999 1 0.6460784312500001 1 0.5642156859375