2 0 0.5890625 0.26404198437500004 0.5890625 0.266865809375 0.5833639703125 0.277650121875 0.5562397875 0.2842677703125 0.5271548203124999 0.284375 0.5258394703125 0.284375 0.5071520953124999 0.2825520828125 0.4990502453125 0.279120709375 0.4921875 0.266130515625 0.4774816171875 0.25314031875 0.4657169109375 0.24921875 0.46081495156249996 0.2345128671875 0.4490502453125 0.22789522031249998 0.44153390468750003 0.21588541718749998 0.434671159375 0.21367953437499998 0.43205678125 0.21294423906249998 0.4291156046875 0.21613051562500002 0.4137561265625 0.22323835625 0.4036254078125 0.24382659218749997 0.3611417484375 0.2538756125 0.346435865625 0.258287378125 0.332710375 0.258287378125 0.32846200937500003 0.25706188750000003 0.32519403593749996 0.24064031875 0.30395220625 0.22568933750000003 0.2892463234375 0.21539522031249997 0.28205678125 0.20338541718749997 0.2696384796875 0.171522671875 0.24414828437499997 0.158287378125 0.2412071078125 0.15142463281250002 0.2369587421875 0.1438265921875 0.22813521250000002 0.1408854171875 0.22650122499999997 0.1347579640625 0.23074959062499997 0.1288756125 0.237939134375 0.091620709375 0.306566584375 0.086963846875 0.31735089843750003 0.054120709375 0.37944240156250003 0.033287378125 0.4212724671875 0.028875612499999998 0.43303717343750003 0.02421875 0.4405535125 0.012944239062499998 0.4657169109375 0 0.491605390625 0 0.5890625
0 0.22444009999999998 0.31875 0.22705653125 0.31875 0.23731617656249998 0.31554840781250004 0.2390318625 0.3119536375 0.2326593140625 0.2985549421875 0.22922794062500002 0.29397978125 0.22432597968749998 0.29234579374999997 0.21868872499999997 0.29528696875 0.21721813750000002 0.307378471875 0.21795343125 0.315221609375 0.2201593140625 0.317509190625 0.22444009999999998 0.31875
0 0.245618871875 0.55787888125 0.2558706609375 0.5640625 0.264071309375 0.5640625 0.26620710625 0.561473653125 0.272334559375 0.5493821484375 0.2734375 0.5356566593750001 0.2734375 0.53064031875 0.2713541671875 0.52814031875 0.25615808906250004 0.5189899921875 0.246599265625 0.5167024109375 0.2407169125 0.5167024109375 0.2358149515625 0.517682803125 0.2291973046875 0.5258527375 0.22723652031250002 0.5310814953125 0.22846201093750002 0.536310253125 0.2350796578125 0.5467677703125 0.245618871875 0.55787888125
0 0.1172794125 0.491768790625 0.12063036406250001 0.496875 0.140032678125 0.496875 0.1410539203125 0.4966707515625 0.14987745 0.491768790625 0.1574754890625 0.4826184640625 0.1578125 0.47947303281250003 0.1578125 0.4772092875 0.1550245109375 0.46203022968749996 0.14987745 0.45549428125 0.143995096875 0.4518995109375 0.13982843125 0.4509191171875 0.13125 0.453533496875 0.12487744999999999 0.45745506406249997 0.1180147046875 0.46595179687500005 0.1145833328125 0.47738970625 0.11433823437499999 0.48327205781250004 0.1172794125 0.491768790625
0 0.0546875 0.51171875 0.047265625 0.051953125
0 0.0375 0.56875 0.0625 0.040625
0 0.05234375 0.54609375 0.0765625 0.0859375
0 0.203125 0.5515625 0.0875 0.075
0 0.15859375 0.2640625 0.046875 0.055859375
0 0.1171875 0.31953125 0.043359375 0.0328125
0 0.1265625 0.28515625 0.025390625 0.046875
0 0.5299019609375 0.27646548125 0.529411765625 0.2797334546875 0.5325980390625 0.2931321484375 0.5384803921875 0.30620404375 0.5438725484375 0.3225439125 0.545833334375 0.3431321484375 0.548640471875 0.346875 0.5615178046875 0.346875 0.5698529421874999 0.3421517578125 0.58995098125 0.33430861875 0.610539215625 0.3284262671875 0.6262254890625 0.3196027359375 0.637254903125 0.3153543703125 0.6426470578125001 0.3097988140625 0.6436274515625 0.306857640625 0.64375 0.30612235 0.64375 0.2892254359375 0.6389705890625 0.2816942390625 0.6338235296875 0.2774458734375 0.625490196875 0.27417790000000003 0.6137254890625 0.27189031875 0.5872549031250001 0.2725439125 0.5674019609375 0.2712367234375 0.5595588234375001 0.27189031875 0.549754903125 0.2748314953125 0.53210784375 0.2748314953125 0.5299019609375 0.27646548125
2 0 1 0.1421875 1 0.1421875 0.959375 0.153125 0.9375 0.2953125 0.9328125 0.3109375 0.9203125 0.315625 0.81875 0.3078125 0.746875 0.3 0.7375 0.153125 0.7328125 0.1421875 0.721875 0.14375 0.63125 0.1359375 0.6203125 0.08125 0.6015625 0 0.5944972828124999 0 1
2 0.7109375 0.5890625 0.696875 0.5984375 0.515625 0.93125 0.5140625 0.9609375 0.5203125 0.9828125 0.5340625 1 0.9795230265625001 1 0.9828125 0.99375 0.9859375 0.959375 0.978125 0.89375 1 0.8945503046875001 1 0.6796230671875 0.9515625 0.678125 0.9421875 0.6734375 0.940625 0.646875 0.93125 0.621875 0.90625 0.59375 0.896875 0.5890625 0.7109375 0.5890625