0 0.0390625 0.365625 0.078125 0.046875
0 0.04140625 0.3390625 0.0828125 0.1
2 1 0.19548611093749999 0.996875 0.1875 0.9796875 0.1703125 0.865625 0.16875 0.809375 0.159375 0.8015625 0.14375 0.7984375 0.0515625 0.79375 0.04375 0.75 0.028125 0.671875 0.0234375 0.596875 0.03125 0.5609375 0.04375 0.55 0.05625 0.55 0.3890625 0.8220170453125 0.3890625 0.8234375 0.3734375 0.8421875 0.3640625 0.9953125 0.3625 1 0.3572916671875 1 0.19548611093749999
2 0.153829321875 0.3890625 0.08125 0.9328125 0.1078125 0.978125 0.1314375 1 0.310147059375 1 0.375 0.7375 0.384375 0.73125 0.4453125 0.725 0.4890625 0.709375 0.5140625 0.665625 0.5203125 0.5890625 0.5140625 0.5484375 0.4796875 0.48125 0.4625 0.465625 0.434375 0.4640625 0.4234375 0.4578125 0.4371875 0.3890625 0.153829321875 0.3890625
0 0.33828125 0.49375 0.3015625 0.209375
0 0.225 0.8546875 0.225 0.290625
1 0.55 0.8302884609374999 0.5875 0.83125 0.6 0.8265625 0.628125 0.7421875 0.6265625 0.7 0.603125 0.6609375 0.5796875 0.640625 0.55 0.6262310609374999 0.55 0.8302884609374999
1 0.55 1 0.6983333328125 1 0.6953125 0.9546875 0.784375 0.940625 0.7890625 0.8875 0.7765625 0.8390625 0.765625 0.8234375 0.7328125 0.8234375 0.6734375 0.8265625 0.6265625 0.8375 0.5890625 0.8546875 0.5515625 0.8859375 0.55 0.8880859375 0.55 1
2 1 0.6209665703125 0.9484375 0.5921875 0.9828125 0.540625 0.9796875 0.5234375 0.9265625 0.490625 0.86875 0.48125 0.853125 0.4890625 0.80625 0.559375 0.7109375 0.678125 0.7078125 0.6875 0.7125 0.6921875 0.7734375 0.7234375 0.8421875 0.740625 0.8765625 0.69375 0.921875 0.7140625 0.94375 0.7171875 0.975 0.7015625 1 0.6765625 1 0.6209665703125
1 1 0.71474609375 0.9921875 0.7171875 0.9203125 0.7203125 0.8859375 0.73125 0.8453125 0.75625 0.81875 0.7921875 0.8046875 0.828125 0.8 0.8765625 0.8046875 0.8859375 0.8359375 0.9046875 0.86875 0.9078125 0.8890625 0.9171875 0.940625 0.909375 0.9578125 0.8984375 0.975 0.834375 1 0.8313749999999999 1 0.71474609375
2 1 1 1 0.837646484375 0.9765625 0.828125 0.965625 0.834375 0.9609375 0.8796875 0.953125 0.896875 0.8765625 0.915625 0.7949092734375001 1 1 1