0 0.5328125 0.578125 0.0421875 0.02578125
0 0.75625 0.8125 0.0265625 0.028125
0 0.58359375 0.66171875 0.0328125 0.040625
0 0.5515625 0.3625 0.05390625 0.0359375
1 0.6890625 0.75390625 0.24453125 0.2234375
0 0.778125 0.6859375 0.0421875 0.04296875
0 0.6984375 0.8265625 0.04375 0.05
0 0.41796875 0.57109375 0.08828125 0.028125
0 0.65859375 0.56015625 0.0453125 0.021875
0 0.83828125 0.47265625 0.109375 0.06015625
0 0.53046875 0.64140625 0.03125 0.09453125
0 0.0765625 0.57578125 0.03671875 0.05390625
0 0.790625 0.32734375 0.05 0.053125
2 0.5203125 0.58828125 0.36015625 0.2
0 0.5875 0.31796875 0.0625 0.0296875
2 0.70625 0.42578125 0.4078125 0.278125
0 0.2953125 0.59921875 0.1375 0.03203125
0 0.59765625 0.71015625 0.03828125 0.02265625
0 0.10546875 0.4609375 0.04609375 0.0765625
1 0.22265625 0.53125 0.359375 0.21953125