0 0.3 0.5609375 0.016015625 0.071875
0 0.24296875 0.55 0.036328125 0.09765625
1 0.1921875 0.34765625 0.23671875 0.4828125
0 0.12265625 0.36328125 0.080078125 0.0390625
0 0.2421875 0.17890625 0.06875 0.138671875
1 0.4125 0.57578125 0.134375 0.1671875
0 0.03828125 0.60859375 0.04375 0.036328125
0 0.05390625 0.60625 0.0359375 0.046875
2 1 0 0.7721182640625 0 0.6984375 0.1640625 0.665625 0.225 0.5984375 0.3875 0.5796875 0.41875 0.575 0.440625 0.5625 0.4578125 0.55625 0.4890625 0.5625 0.534375 0.5890625 0.58125 0.665625 0.53125 0.684375 0.5296875 0.696875 0.5421875 0.7078125 0.5765625 0.7 0.6359375 0.7203125 0.65625 0.7484375 0.6484375 0.8203125 0.515625 0.83125 0.5203125 0.853125 0.5515625 0.8828125 0.575 0.9109375 0.5734375 0.9515625 0.5484375 0.9796875 0.521875 1 0.490625 1 0.33544921875 0.9484375 0.265625 0.9703125 0.2421875 0.9765625 0.21875 1 0.1704400515625 1 0
0 0.9734375 0.134375 0.053125 0.26875
0 0.83671875 0.03515625 0.1234375 0.0703125
0 0.71953125 0.44921875 0.2515625 0.378125
2 0.4796875 0.659375 0.1633397578125 0.659375 0.024538821875 1 0.41175986875000004 1 0.4203125 0.9796875 0.4484375 0.9828125 0.4796875 0.9996394234375 0.4796875 0.659375
0 0.30078125 0.725 0.2796875 0.13125
2 0.4796875 0.659375 0.4796875 0.8126100359375 0.5203125 0.9796875 0.53046875 1 0.6971507359375 1 0.7203125 0.978125 0.74375 0.940625 0.75625 0.9015625 0.7578125 0.8671875 0.73125 0.778125 0.734375 0.7734375 0.7765625 0.775 0.7921875 0.7609375 0.80625 0.6953125 0.8044969515625 0.659375 0.4796875 0.659375