2 0.16484375 0.52109375 0.31796875 0.26484375
2 0.69140625 0.21640625 0.42890625 0.25546875
0 0.70078125 0.221875 0.05546875 0.046875
0 0.3890625 0.81953125 0.05390625 0.11640625
0 0.12578125 0.50625 0.03828125 0.0375
0 0.2015625 0.59375 0.1484375 0.07578125
0 0.4875 0.6421875 0.08125 0.03203125
0 0.64921875 0.7 0.10390625 0.04609375
0 0.56796875 0.30859375 0.07109375 0.02578125
1 0.7921875 0.5484375 0.2515625 0.23359375
0 0.83984375 0.2125 0.1265625 0.0515625
0 0.0125 0.44453125 0.02421875 0.02578125
0 0.27890625 0.49765625 0.0625 0.08203125
1 0.51015625 0.746875 0.3734375 0.26953125
0 0.528125 0.21953125 0.078125 0.0234375
0 0.18984375 0.4171875 0.0484375 0.025
0 0.86796875 0.225 0.0515625 0.021875
0 0.56328125 0.3109375 0.0875 0.04375
0 0.56875 0.253125 0.134375 0.03046875
0 0.08828125 0.43359375 0.1296875 0.0484375
0 0.19609375 0.58046875 0.17734375 0.1375
2 0.80859375 0.025 0.3828125 0.05