1 0.178125 0.67421875 0.321875 0.1109375
0 0.2015625 0.675 0.0875 0.109375
1 0 0.3303754109375 0.007873775 0.33906760625 0.0154718140625 0.35017871718750004 0.0287071078125 0.3632506125 0.05395220625 0.375342115625 0.0657169125 0.3825316578125 0.095618871875 0.39298917499999997 0.11091521875000002 0.4 0.12185968124999999 0.4 0.126256128125 0.39560355468749997 0.1291973046875 0.38743361875 0.14610906875000002 0.299525121875 0.14831495156250002 0.2920087828125 0.15076593124999998 0.28939440312500003 0.15713848125000002 0.2877604171875 0.164001225 0.28906760625 0.181648284375 0.2985447296875 0.2090992640625 0.3076950578125 0.2233149515625 0.315211396875 0.2338541671875 0.3145578015625 0.23826593125 0.3103094359375 0.2443933828125 0.29527675625 0.2549325984375 0.2639042078125 0.260569853125 0.2413551875 0.2647365203125 0.22991727968750003 0.2654718140625 0.209002246875 0.26106004843749997 0.19298917499999999 0.267677696875 0.1779564953125 0.274540440625 0.1681525734375 0.278462009375 0.15998263906250001 0.2796875 0.1508323125 0.2796875 0.1270850359375 0.27821691249999997 0.12338133124999999 0.27429534375000003 0.119132965625 0.26694240156250004 0.1142310046875 0.262040440625 0.109002246875 0.25395220625000003 0.10410028593750001 0.2360600484375 0.0978911359375 0.2189031859375 0.089394403125 0.2046875 0.0864532265625 0.1897365203125 0.08155126562500001 0.17674632343750002 0.0727277375 0.1490502453125 0.0639042078125 0.131648284375 0.054100285937500006 0.101256128125 0.04691074375 0.0826286765625 0.0456035546875 0.0657169125 0.049198325 0.0537071078125 0.056387867187499996 0.048805146875 0.062923815625 0.041942401562499995 0.0694597625 0.0360600484375 0.0779564953125 0.0247855390625 0.102793096875 0.01792279375 0.1279564953125 0.0135110296875 0.1403747953125 0.0090992640625 0.16063623437500002 0.0037071078125 0.1779564953125 0.0000306375 0.196583946875 0 0.196691446875 0 0.3303754109375
0 0.23828125 0.16875 0.0953125 0.091015625
0 0.71171875 0.359375 0.2625 0.21484375
2 0.1818970953125 0.7296875 0.1796875 0.7515625 0.109375 0.74375 0.0921875 0.753125 0.08125 0.875 0.08125 0.94375 0.090625 0.953125 0.1390625 0.9578125 0.1609375 0.9671875 0.157403846875 1 0.35434887812500004 1 0.387824109375 0.7296875 0.1818970953125 0.7296875
0 0.37109375 0.7890625 0.0671875 0.11875
0 0.271875 0.9609375 0.1125 0.078125
0 0.165625 0.94140625 0.0625 0.1171875
0 0.546875 0.7703125 0.075 0.08125
0 0.678125 0.7390625 0.084375 0.01875