0 0.48359375 0.321875 0.07421875 0.0640625
0 0.73515625 0.25078125 0.034375 0.059375
2 0.62890625 0.58125 0.3171875 0.234375
1 0.72109375 0.19140625 0.23828125 0.18125
0 0.58671875 0.41640625 0.07109375 0.084375
0 0.6734375 0.59609375 0.03125 0.02734375
0 0.3578125 0.21015625 0.11015625 0.1140625
2 0.42734375 0.3 0.46171875 0.41640625
0 0.7171875 0.6609375 0.02109375 0.03515625
0 0.6875 0.66328125 0.0359375 0.071875
0 0.8265625 0.146875 0.03359375 0.03515625
0 0.2640625 0.25078125 0.121875 0.07265625
0 0.7609375 0.5421875 0.03828125 0.02578125
0 0.29765625 0.73984375 0.12421875 0.08125
0 0.5734375 0.46640625 0.05078125 0.03046875
0 0.365625 0.75859375 0.1015625 0.103125
0 0.60234375 0.609375 0.05390625 0.0484375
0 0.24609375 0.5125 0.18671875 0.09921875
0 0.546875 0.61875 0.11484375 0.05546875
0 0.54921875 0.2828125 0.0578125 0.06015625
1 0.26015625 0.6375 0.446875 0.41640625