0 0.17734375 0.52421875 0.04375 0.0375
2 0.19453125 0.5234375 0.38671875 0.2625
0 0.6015625 0.540625 0.02578125 0.0515625
0 0.21484375 0.42734375 0.04140625 0.03203125
0 0.6078125 0.778125 0.10859375 0.0515625
0 0.53515625 0.534375 0.05546875 0.0734375
0 0.27734375 0.59375 0.134375 0.0515625
1 0.4546875 0.8109375 0.4171875 0.27890625
0 0.315625 0.88125 0.06640625 0.109375
0 0.52890625 0.27734375 0.07734375 0.096875
0 0.4453125 0.70234375 0.08203125 0.03125
2 0.46875 0.40234375 0.29453125 0.34609375
0 0.38359375 0.40078125 0.10078125 0.03046875
0 0.25078125 0.46796875 0.059375 0.0671875
0 0.034375 0.478125 0.05625 0.02890625
1 0.7765625 0.62265625 0.25078125 0.2390625