2 0.21484375 0.546875 0.359375 0.2484375
0 0.6359375 0.846875 0.04375 0.059375
1 0.73203125 0.59765625 0.2984375 0.2
1 0.46484375 0.7875 0.39921875 0.27265625
0 0.81796875 0.66875 0.0453125 0.03828125
0 0.21015625 0.55 0.05 0.03125
0 0.24296875 0.63046875 0.05625 0.071875
0 0.5078125 0.88359375 0.05625 0.07109375
2 0.5375 0.33203125 0.30078125 0.35
0 0.49140625 0.69609375 0.08671875 0.03984375
0 0.08203125 0.5796875 0.1046875 0.05859375
0 0.5828125 0.20234375 0.07421875 0.090625
0 0.4421875 0.32890625 0.09296875 0.03515625
0 0.65 0.56796875 0.08359375 0.028125
0 0.66953125 0.46640625 0.021875 0.053125
0 0.3 0.628125 0.05234375 0.0375
0 0.59921875 0.459375 0.04375 0.07421875
0 0.65 0.61875 0.04765625 0.01953125
0 0.35234375 0.49453125 0.04765625 0.025
0 0.27890625 0.73046875 0.06015625 0.02578125
0 0.321875 0.79296875 0.103125 0.04609375
0 0.578125 0.8625 0.05625 0.11171875
0 0.82890625 0.5296875 0.0625 0.0546875
2 0.21875 0.5578125 0.28046875 0.1515625