0 0.0125 0.2421875 0.025 0.040625
0 0.0421875 0.17578125 0.043359375 0.0515625
0 0.20546875 0.19296875 0.0484375 0.067578125
2 0.15390625 0.2171875 0.3078125 0.184375
0 0.03046875 0.20078125 0.054296875 0.073828125
2 0.579740465625 0 0.5765625 0.03125 0.5828125 0.121875 0.6 0.19375 0.7015625 0.1875 0.709375 0.19375 0.6984375 0.2609375 0.7018168609375 0.309375 0.9939405484375001 0.309375 0.9953125 0.3 0.9765625 0.1796875 0.956597221875 0 0.579740465625 0
0 0.875 0.11796875 0.0875 0.2359375
0 0.95390625 0.2625 0.0640625 0.09375
0 0.740625 0.234375 0.140625 0.15
2 0.26974431875 1 0.2875 0.9609375 0.2890625 0.934375 0.3 0.9171875 0.2953125 0.8734375 0.1515625 0.675 0 0.4792930828125 0 0.984375 0.010416667187500001 1 0.26974431875 1
0 0.19609375 0.81328125 0.1921875 0.315625
0 0.05 0.94921875 0.1 0.1015625
2 0.5714975843750001 0.309375 0.559375 0.5375 0.5515625 0.5796875 0.5390625 0.795596590625 0.5390625 1 0.8342696625 1 0.825 0.896875 0.8109375 0.8390625 0.8171875 0.809375 0.815625 0.7453125 0.8421875 0.7296875 0.9328125 0.7046875 0.9671875 0.6828125 0.98125 0.659375 0.9890625 0.628125 0.9921875 0.5390625 0.96875 0.4546875 0.95 0.4203125 0.925 0.3921875 0.8921875 0.3734375 0.821875 0.3734375 0.809375 0.340625 0.809375 0.309375 0.5714975843750001 0.309375
0 0.6328125 0.55234375 0.16171875 0.3515625