0 0.3796875 0.20922947343749998 0.3338848046875 0.20870097968749998 0.30414624218749997 0.2045343125 0.27310049062499997 0.2033088234375 0.2672181375 0.2057598046875 0.26329656875 0.2121323515625 0.25970179843749996 0.239338234375 0.256760621875 0.2476715671875 0.2538194453125 0.25036764843750003 0.25708741874999996 0.2537990203125 0.2696939828125 0.259375 0.30859885625 0.259375 0.3280024515625 0.2584558828125 0.3383315890625 0.259375 0.377741034375 0.259375 0.3796875 0.2592346296875 0.3796875 0.20922947343749998
2 0.78203125 0.775 0.3171875 0.234375
0 0.7390625 0.63515625 0.071875 0.0328125
0 0.8265625 0.78984375 0.03125 0.02734375
0 0.8703125 0.8546875 0.02109375 0.03515625
0 0.840625 0.85703125 0.0359375 0.071875
0 0.9140625 0.7359375 0.03828125 0.02578125
0 0.45078125 0.93359375 0.12421875 0.08125
0 0.7265625 0.66015625 0.05078125 0.03046875
0 0.51796875 0.95 0.1015625 0.1
0 0.75546875 0.803125 0.05390625 0.0484375
0 0.4359375 0.70546875 0.1125 0.0984375
0 0.7 0.8125 0.11484375 0.05546875
1 0.5078125 0.8109375 0.25625 0.378125