0 0.95390625 0.74609375 0.04453125 0.0765625
1 0.896875 0.65703125 0.1921875 0.2359375
2 0.33125 0.67421875 0.52421875 0.2765625
0 0.365625 0.75625 0.04609375 0.08515625
2 0.80859375 0.371875 0.36875 0.2609375
0 0.8625 0.72734375 0.04140625 0.06796875
0 0.52890625 0.62421875 0.115625 0.04140625
0 0.1609375 0.6609375 0.16015625 0.0546875
0 0.89375 0.29140625 0.0671875 0.06328125
0 0.91796875 0.425 0.090625 0.07578125
0 0.71875 0.39375 0.096875 0.06484375
0 0.534375 0.5578125 0.06796875 0.0265625
1 0.3421875 0.3671875 0.3296875 0.196875
0 0.95546875 0.578125 0.06796875 0.06015625