1 0.1359375 0.134375 0.271875 0.246875
0 0.0109375 0.04765625 0.021875 0.0765625
0 0.17421875 0.2203125 0.164453125 0.052734375
0 0.56328125 0.16875 0.161328125 0.087109375
1 0.309375 0.3356743484375 0.3328839875 0.342601103125 0.3698120921875 0.350444240625 0.39138071874999997 0.3565716921875 0.43680555625000006 0.3639246328125 0.44628267968749996 0.36196384843749996 0.4498774515625 0.3592677703125 0.45249182968749996 0.3553462015625 0.459027778125 0.3342677703125 0.46491013125 0.320787378125 0.47275326875 0.2935814953125 0.48255718906249995 0.2764246328125 0.48582516406250004 0.274708946875 0.49889705937500006 0.276914828125 0.51164215625 0.28132659375 0.5394199343749999 0.28745404375 0.557393790625 0.2928462015625 0.5737336609374999 0.295052084375 0.5956290843750001 0.29995404375 0.6002042484375 0.29995404375 0.609027778125 0.2935814953125 0.613602940625 0.28622855468749997 0.619158496875 0.2705422796875 0.6420343140625 0.21882659375000002 0.6557598046875001 0.1778952203125 0.6600081703124999 0.16171875 0.6609375 0.153877528125 0.6609375 0.14949908125 0.6580473859375 0.1403952203125 0.6541258171875001 0.13598345625 0.6325571890624999 0.128630515625 0.6217728765625 0.12372855468749999 0.5743872546875 0.11441482812499999 0.5596813734375 0.11269914218749999 0.5502042484375 0.109757965625 0.5158905234375 0.10314031875 0.49987745156249996 0.0977481625 0.457393790625 0.09113051562499999 0.43484477187500004 0.084757965625 0.41196895468749994 0.0820618875 0.3946486921875 0.0815716921875 0.3720996734375 0.084022671875 0.3600081703125 0.08818933906250001 0.3397467328125 0.09848345625 0.3260212421875 0.109022671875 0.3178513078125 0.11760110312500001 0.309375 0.1307807265625 0.309375 0.3356743484375
0 0.684375 0.8953125 0.025 0.03828125
2 0.4984375 0.753125 0.378125 0.45625
0 0.6296875 0.90859375 0.046484375 0.06875
0 0.496875 0.596875 0.1 0.119140625
1 0.809375 0.73828125 0.255859375 0.230078125
0 0.38515625 0.78828125 0.15078125 0.0625
2 0.86328125 0.96328125 0.2734375 0.0734375