2 0.3 0.1081258359375 0.29531760625 0.10301777031249999 0.2819189125 0.0951746328125 0.26819342343749997 0.0892922796875 0.2583895015625 0.0863511015625 0.2489123765625 0.07973345625 0.237801265625 0.076302084375 0.2008731609375 0.0701746328125 0.1822457109375 0.06576286718749999 0.1649254484375 0.06404718125 0.1443372140625 0.063556984375 0.137801265625 0.06478247499999999 0.13126531875 0.067478553125 0.11688623281249999 0.0777726703125 0.10544832500000001 0.09419423906249999 0.099239175 0.0993412984375 0.09204963125 0.1081648296875 0.087147671875 0.11184129843749999 0.07963133125 0.120909925 0.0688470171875 0.12385110156250001 0.0538143375 0.12360600625 0.041396037499999996 0.13291972968750002 0.033226103125 0.1495863984375 0.027997343749999997 0.1569393390625 0.02342218125 0.170909925 0.015579043749999999 0.1853707109375 0.007735906250000001 0.210615809375 0.001199959375 0.22066482812500002 0 0.22392721718750003 0 0.6442334625 0.0034875406249999996 0.6446844375 0.027670546875 0.644194240625 0.0427032265625 0.6459099265625 0.049565971874999996 0.6483609078125 0.057409109375 0.652772671875 0.067866625 0.655713846875 0.11231107031250001 0.6596354171875001 0.12407577656249999 0.6615962015625 0.1404156453125 0.666007965625 0.15479472968750002 0.668213846875 0.186274525 0.6703125 0.20284415625 0.6703125 0.20806270312500003 0.669194240625 0.2126378671875 0.6638020828125 0.223095384375 0.6245863984375 0.2351868875 0.569929534375 0.241069240625 0.534880515625 0.2845332921875 0.340272671875 0.2907424421875 0.3059589453125 0.2989123765625 0.2758118875 0.3 0.269014240625 0.3 0.1081258359375
0 0.2093035140625 0.1827512265625 0.2122446890625 0.18544730468749998 0.2164930546875 0.18520220625 0.2207414203125 0.183241421875 0.23054534218749997 0.1729473046875 0.23446691249999999 0.1651041671875 0.2396956703125 0.1594669125 0.2472120109375 0.14770220625 0.256035540625 0.12907475468750002 0.2642054734375 0.1178002453125 0.2703125 0.10612055625000001 0.2703125 0.0983372328125 0.267473446875 0.0905943625 0.2625714859375 0.0874080890625 0.255708740625 0.0866727953125 0.2442708328125 0.09819240312500001 0.2377348859375 0.11069240312499999 0.22629697656249997 0.1405943625 0.214532271875 0.16485906875 0.2119178921875 0.173192403125 0.20897671406249999 0.1776041671875 0.2093035140625 0.1827512265625
0 0.0420496328125 0.6380667875 0.04404105625 0.6390625 0.05097273125 0.6390625 0.052833946875 0.6378216906249999 0.0626378671875 0.622870709375 0.0858404828125 0.5689491421875 0.0979319859375 0.5365962015625 0.10610192031250001 0.5194393390625 0.1201542078125 0.4691942390625 0.1204810046875 0.4601256109375 0.1217881953125 0.45693933906249995 0.11903084374999999 0.45625 0.11881559531250001 0.45625 0.11231107031250001 0.465762865625 0.09368361875 0.50914521875 0.08322610312499999 0.5238511015625 0.0685202203125 0.5383118875 0.0639450578125 0.5444393390625 0.052833946875 0.572380515625 0.025056168750000003 0.6285079640625 0.0244025734375 0.6334099265625001 0.0283241421875 0.6363511015625 0.0420496328125 0.6380667875
0 0 0.314940490625 0.0045598453125 0.3237132359375 0.008481414062500001 0.328615196875 0.0106910078125 0.3296875 0.026710581249999997 0.3296875 0.027108862500000004 0.3295955890625 0.0444291265625 0.320772059375 0.0542330484375 0.3170955890625 0.0663245515625 0.3153799015625 0.081684028125 0.3146446078125 0.0941023265625 0.31194852968750003 0.09998468125 0.30802696093750004 0.1097886015625 0.2889093140625 0.11240298124999999 0.280821078125 0.116651346875 0.25704656875 0.12122651250000001 0.2420955890625 0.125801675 0.2065563734375 0.13135722968750002 0.1920955890625 0.13723958281249998 0.1658700984375 0.1460631109375 0.14307598125 0.1546875 0.10944086875 0.1546875 0.09882557343750001 0.1519454640625 0.09699755 0.1310304328125 0.09699755 0.121553309375 0.093321078125 0.11763173906249999 0.0928308828125 0.10717422343750001 0.096507353125 0.1025990609375 0.0994485296875 0.0810304328125 0.12028186249999999 0.0774356625 0.12199755000000001 0.06828533437499999 0.12395833437499999 0.0542330484375 0.12371323593750001 0.044102328125 0.130085784375 0.040834353125 0.1337622546875 0.0339716078125 0.1467524515625 0.027762459375 0.15557598125 0.0218801046875 0.171507353125 0.01403696875 0.18670343125 0.00782781875 0.20704656875 0.0022722640625 0.2185661765625 0 0.2264244234375 0 0.314940490625
2 0.3 0 0.3 0.0226290171875 0.30161866875 0.0220894609375 0.30390625 0.0201286765625 0.30586703437499996 0.023805146875 0.308154615625 0.034099265625 0.3110957921875 0.0365502453125 0.314419934375 0.0375 0.328540171875 0.0375 0.345736315625 0.0314031859375 0.3467167078125 0.026746323437500004 0.3434487328125 0.016697303125 0.34377553125000004 0.0125306375 0.3646905640625 0.007628676562500001 0.3671875 0.0040535171874999994 0.3671875 0 0.3 0
0 0.54296875 0.9859375 0.0796875 0.028125
0 0.7015625 0.69453125 0.065625 0.0296875
1 0.59140625 0.71640625 0.3203125 0.0734375
0 0.71953125 0.984375 0.1546875 0.03125
2 0.56640625 0.8796875 0.5328125 0.240625
0 0.32265625 0.97578125 0.0453125 0.0484375
0 0.8796875 0.90703125 0.04765625 0.09921875
0 0.9578125 0.91875 0.03125 0.0890625