1 0.24765625 0.446875 0.2796875 0.125
0 0.83828125 0.07578125 0.0859375 0.0703125
2 0.7828125 0.11015625 0.221875 0.2203125
0 0.59765625 0.3609375 0.041796875 0.124609375
0 0.71171875 0.12265625 0.054296875 0.123046875
1 0.95859375 0.39609375 0.0828125 0.2265625
1 0.62421875 0.3109375 0.1484375 0.23125
0 0.9375 0.38828125 0.125 0.0859375
0 0.178125 0.7390625 0.29765625 0.253515625
2 1 0.509375 0.6374599359374999 0.509375 0.634375 0.5265625 0.625 0.70625 0.6375 0.7375 0.8046875 0.765625 0.821875 0.834375 0.84375 0.878125 0.8765625 0.9109375 0.925 0.9328125 0.9859375 0.9296875 1 0.923934659375 1 0.509375
0 0.7953125 0.66171875 0.3875 0.21875