1 0.46953125 0.81640625 0.34296875 0.296875
0 0.521875 0.9203125 0.059375 0.06796875
0 0.5640625 0.43125 0.025 0.0390625
0 0.58984375 0.90859375 0.0296875 0.10234375
2 0.36796875 0.28984375 0.3984375 0.45546875
0 0.509375 0.44453125 0.04609375 0.06875
0 0.74921875 0.69140625 0.06015625 0.08359375
0 0.87421875 0.6296875 0.065625 0.0578125
0 0.4046875 0.7234375 0.0671875 0.0265625
0 0.41171875 0.7953125 0.1234375 0.05390625
0 0.3765625 0.1328125 0.1 0.11953125
1 0.6890625 0.27421875 0.25546875 0.23046875
0 0.33125 0.7265625 0.05859375 0.05
0 0.26484375 0.32421875 0.15078125 0.0625
0 0.43125 0.796875 0.17578125 0.10859375
2 0.7578125 0.6 0.30078125 0.275
0 0.59921875 0.74765625 0.0625 0.0421875