2 0.11875 0.10546875 0.225 0.2109375
0 0.0484375 0.096875 0.062109375 0.05234375
0 0.16328125 0.00703125 0.0421875 0.0140625
0 0.2171875 0.29765625 0.053125 0.0234375
0 0.1640625 0.12734375 0.065234375 0.0984375
2 1 0.309375 1 0.2508625 0.721875 0.171875 0.69375 0.16875 0.6703125 0.1515625 0.6421875 0.153125 0.6296875 0.1421875 0.615625 0.140625 0.5921875 0.1609375 0.5796875 0.18315972187500001 0.5796875 0.224072265625 0.621875 0.278125 0.621875 0.309375 1 0.309375
0 0.66328125 0.25078125 0.1671875 0.1171875
1 0.0635814953125 0.309375 0.0630821078125 0.31936274375 0.065287990625 0.334722221875 0.06945465625 0.344852940625 0.0723958328125 0.356617646875 0.0770526953125 0.36609477031250004 0.0834252453125 0.3840686265625 0.082444853125 0.3879901953125 0.0802389703125 0.39158496718749997 0.0755821078125 0.395506534375 0.03979779375 0.409232025 0.011366421875000001 0.42230392031249997 0 0.4259000765625 0 0.53533496875 0.0040134796875 0.5513888875 0.0079350484375 0.5742647046875 0.016758578125 0.6111928093750001 0.036366421875 0.672303921875 0.0388174015625 0.6749183000000001 0.039200370312499996 0.675 0.050459559375 0.675 0.0564644609375 0.67099673125 0.0873468140625 0.6618464046874999 0.09862132343749999 0.6546568625 0.12215073437499999 0.6445261421875 0.133180146875 0.6366830078125 0.1552389703125 0.6291666656249999 0.1711703421875 0.6183823515625 0.18955269531250002 0.6121732015625 0.1998468140625 0.6030228765625 0.213572303125 0.5941993453125 0.21945465625 0.5870098031250001 0.22974877500000002 0.577532678125 0.23636642187499998 0.567728759375 0.242493871875 0.561192809375 0.261366421875 0.52883986875 0.2684742640625 0.5085784312499999 0.2736213234375 0.4896241828125 0.2787683828125 0.4598856203125 0.2796875 0.45028594687499995 0.2796875 0.40299020468749996 0.2782781859375 0.3857026140625 0.2704350484375 0.3464869265625 0.25867034218749996 0.3144607828125 0.2559936140625 0.309375 0.0635814953125 0.309375
0 0.06484375 0.54453125 0.101953125 0.063671875
0 0.2390625 0.40703125 0.075 0.128125
0 0.05 0.42265625 0.097265625 0.035546875
0 0.915625 0.5828125 0.8390625 0.6828125 0.834375 0.7078125 0.840625 0.7234375 0.853125 0.70625 0.8828125 0.690625 0.9109375 0.6515625 0.9265625 0.5921875 0.9359375 0.5875 0.934375 0.5828125 0.915625 0.5828125
0 0.5796875 0.9159765625 0.5890625 0.915625 0.653125 0.9 0.628125 0.890625 0.615625 0.8734375 0.5828125 0.8609375 0.5796875 0.8600260421874999 0.5796875 0.9159765625
0 0.9078125 0.8625 0.90625 0.8484375 0.8859375 0.8421875 0.771875 0.840625 0.746875 0.85 0.7390625 0.8609375 0.753125 0.88125 0.871875 0.8828125 0.89375 0.878125 0.9078125 0.8625