0 0.36328125 0.078125 0.0515625 0.084375
0 0.12890625 0.40625 0.1859375 0.06640625
1 0.271875 0.2078125 0.234375 0.359375
1 0.11640625 0.471875 0.2328125 0.315625
0 0.40703125 0.0453125 0.0359375 0.090625
0 0.66015625 0.440625 0.082421875 0.053515625
0 0.50703125 0.2109375 0.060546875 0.075
0 0.8109375 0.0421875 0.06796875 0.075390625
0 0.93984375 0.46484375 0.0328125 0.039453125
0 0.909375 0.47890625 0.087890625 0.051953125
2 0.8277498046874999 0 0.8232741015624999 0.0021446078125 0.8026858656249999 0.009007353125 0.7948427296875 0.0139093140625 0.7791564546874999 0.0193014703125 0.77262050625 0.02567401875 0.75399305625 0.029105393750000003 0.750398284375 0.0320465703125 0.7490910953125001 0.0364583328125 0.7356924015625 0.040379903125 0.73209763125 0.044056371875 0.7294832515625 0.0514093140625 0.72262050625 0.057536765625 0.7173917484375 0.0602328421875 0.7092218140625001 0.07273284218750001 0.7033394609375 0.07837009843750001 0.7000714875 0.0847426484375 0.69614991875 0.09822304062500001 0.696476715625 0.10410539375000001 0.6997446890625 0.10680147031250001 0.7088950171875 0.1085171578125 0.71183619375 0.110723040625 0.716084559375 0.1163602953125 0.7255616828125 0.1224877453125 0.730790440625 0.12910539375000002 0.7389603765625 0.1347426484375 0.7445159312499999 0.14160539375 0.7543198531249999 0.147977940625 0.7588950171875 0.1533700984375 0.76641135625 0.15876225625 0.7719669124999999 0.165134803125 0.7817708328125 0.1727328421875 0.7968035125 0.18939951093750002 0.8069342328125 0.19797794062500002 0.8252348859375 0.21660539375 0.836345996875 0.22542892343749998 0.8553002453125 0.24454656875 0.8631433828125001 0.2501838234375 0.8686989374999999 0.25704656875 0.8768688734375001 0.2634191171875 0.8820976312500001 0.26979166875 0.8892871734375 0.274938725 0.8954963234375001 0.282536765625 0.9033394609375 0.2879289234375 0.9079146250000001 0.2935661765625 0.9157577609375 0.2989583328125 0.9219669125 0.306556371875 0.9291564546875 0.31194853125 0.9350388078125 0.319056371875 0.9415747546875 0.323713234375 0.9615093953125001 0.3438112765625 1 0.3758595953125 1 0.05558599843749999 0.98667279375 0.0609681390625 0.9794832515625 0.06685049062500001 0.9713133171875 0.0707720578125 0.9631433828125001 0.078125 0.9497446890625 0.07837009843750001 0.9422283499999999 0.0707720578125 0.9340584156249999 0.0646446078125 0.9288296578124999 0.0585171578125 0.9219669125 0.053860295312499994 0.9154309640625 0.04675245 0.9079146250000001 0.041605393750000004 0.8948427296875 0.030085784375 0.8886335781250001 0.0229779421875 0.870659721875 0.0082720578125 0.8633067828125001 0 0.8277498046874999 0
0 0.89296875 0.69609375 0.1078125 0.067578125
0 0.9453125 0.8859375 0.109375 0.04375
0 0.7703125 0.8265625 0.071875 0.041015625
1 1 0.8222476421874999 0.9783752046874999 0.8151960781250001 0.9639961187499999 0.807352940625 0.9365451406249999 0.7977941171875 0.9296823953125 0.7901960781249999 0.9283752046875 0.7877450984375 0.9287020015625 0.784803921875 0.934911153125 0.78039215625 0.9375255328125001 0.776960784375 0.942427490625 0.7639705875 0.9486366437499999 0.755882353125 0.951904615625 0.746568628125 0.9600745515625 0.73357843125 0.9639961187499999 0.7235294109375 0.9666104984375 0.7098039218750001 0.96105494375 0.697303921875 0.9571333734374999 0.6921568625 0.94830984375 0.6830882359375 0.9362183421874999 0.6752450984375 0.933277165625 0.671813725 0.9192248781250001 0.6661764703124999 0.9064797796875 0.6629901953124999 0.8917738984374999 0.6625 0.8790288 0.6639705874999999 0.8538654015624999 0.6649509796874999 0.8264144203124999 0.6686274515624999 0.8156301062499999 0.671568628125 0.8081137671875 0.676225490625 0.7943882765625 0.6811274515625 0.7881791265625 0.6845588234375 0.7826235718750001 0.6919117640625 0.777068015625 0.6968137249999999 0.769878471875 0.7102941171875 0.7613817390625 0.721813725 0.7378523296875 0.7639705875 0.72674121875 0.7875 0.7130157265625 0.8254901953125 0.71105494375 0.83676470625 0.7120353359375 0.8490196078124999 0.7175908921875 0.863725490625 0.7257608265625001 0.8776960781250001 0.739486315625 0.8904411765625 0.7558261859375 0.8982843140625001 0.7649765125 0.9039215687500001 0.7832771656249999 0.909313725 0.8019046156249999 0.917647059375 0.8211856624999999 0.923039215625 0.833277165625 0.9296568624999999 0.8574601718749999 0.937009803125 0.8649765125 0.9411764703125 0.8862183421874998 0.9482843140625 0.8996170359375 0.9549019609375 0.927068015625 0.9610294109374999 0.9381791312499999 0.9625 0.9462183421875 0.9625 0.95615298125 0.9595588234375001 0.9656301062499999 0.95392156875 0.9829503671875 0.9392156859374999 0.9963490609375001 0.925 1 0.9198278359375 1 0.8222476421874999