1 0.5015625 0.54140625 0.115625 0.1171875
2 0.14375 0.5390625 0.2875 0.121875
2 0.4359375 0.26015625 0.246875 0.3484375
0 0.23984375 0.58359375 0.0859375 0.0328125
0 0.5140625 0.153125 0.05 0.084375
0 0.528125 0.33046875 0.0625 0.1015625
0 0.3828125 0.2890625 0.072265625 0.08671875
0 0.24453125 0.50703125 0.051171875 0.035546875
1 0.11171875 0.253125 0.2234375 0.2625
0 0.546875 0.534375 0.025 0.08125
1 0.559375 0.3212053578125 0.5828125 0.315625 0.71875 0.309375 0.7265625 0.2453125 0.725 0.128125 0.715625 0.084375 0.690625 0.08125 0.559375 0.083614865625 0.559375 0.3212053578125
1 1 0.6096354171875 0.9890625 0.6078125 0.896875 0.625 0.86875 0.6390625 0.8421875 0.6625 0.8328125 0.7078125 0.8421875 0.71875 0.840625 0.7703125 0.85 0.8015625 0.9125 0.80625 0.9703125 0.7921875 0.98125 0.784375 0.98125 0.7734375 0.9703125 0.721875 1 0.7146045921875 1 0.6096354171875