0 0.21953125 0.58203125 0.0609375 0.0546875
0 0.07578125 0.5875 0.1265625 0.04375
0 0.35390625 0.50390625 0.0515625 0.0609375
0 0.33671875 0.59609375 0.0859375 0.0265625
2 0.19375 0.471875 0.371875 0.275
0 0.06171875 0.50234375 0.069921875 0.0375
0 0.2453125 0.4953125 0.08359375 0.07109375
0 0.34140625 0.54453125 0.0765625 0.0953125
1 0.35078125 0.234375 0.0578125 0.384375
0 0.24609375 0.50234375 0.25625 0.139453125
2 0.3796875 0.609375 0 0.609375 0 0.8151041671874999 0.0234375 0.81875 0.0765625 0.81875 0.15625 0.80625 0.2125 0.7828125 0.253125 0.75 0.26875 0.7203125 0.271875 0.6859375 0.2640625 0.6203125 0.3796875 0.6245426828125 0.3796875 0.609375