2 0.2907894734375 0 0.284375 0.0609375 0.178125 0.05625 0.0859375 0.0296875 0.046875 0.06875 0.009375 0.18125 0.00625 0.2296875 0.009375 0.33125 0.01875 0.3828125 0.0328125 0.4171875 0.0515625 0.4296875 0.11875 0.4390625 0.425 0.465625 0.64375 0.4796875 0.7359375 0.475 0.75 0.459375 0.7671875 0.421875 0.7765625 0.3875 0.7765625 0.36875 0.76875 0.3578125 0.7796875 0.3421875 0.7859375 0.3125 0.7828125 0.2109375 0.7734375 0.1640625 0.7421875 0.14375 0.7125 0.1359375 0.7 0.121875 0.6703125 0.10625 0.603125 0.0875 0.5109375 0.075 0.50625 0.0703125 0.50625 0 0.2907894734375 0
0 0.1453125 0.22734375 0.23671875 0.090625
0 0.38125 0.37421875 0.32109375 0.1046875
0 0.65078125 0.33125 0.2734375 0.14140625
0 0.10625 0.06796875 0.08984375 0.10625
0 0.44375 0.11015625 0.12734375 0.1125
0 0.684375 0.12578125 0.190625 0.1171875
2 1 0 0.809375 0 0.809375 0.244545990625 0.8578125 0.2390625 0.86875 0.2828125 0.8734375 0.35 0.88125 0.36875 0.9328125 0.384375 1 0.3815159578125 1 0
0 0.846875 0.134375 0.075 0.20625
2 0.4876220703125 1 0.4671875 0.9578125 0.346875 0.678125 0.328125 0.671875 0.3203125 0.678125 0.321875 0.709375 0.3078125 0.71875 0.2546875 0.6515625 0.2328125 0.646875 0.203125 0.6625 0.1703125 0.690625 0.1421875 0.728125 0.128125 0.7625 0.128125 0.8078125 0.159375 0.8796875 0.16875 0.921875 0.153125 0.9359375 0.090625 0.9671875 0.0828125 0.9796875 0.0847782265625 1 0.4876220703125 1
0 0.32890625 0.740625 0.15625 0.171875
0 0.86171875 0.740625 0.1046875 0.171875
2 0.809375 1 0.9920905171875001 1 0.959375 0.93125 0.9265625 0.8421875 0.85 0.6765625 0.840625 0.6703125 0.8265625 0.675 0.8265625 0.7125 0.821875 0.71875 0.8109375 0.71875 0.809375 0.7166294640624999 0.809375 1