0 0.74921875 0.84375 0.034375 0.0265625
0 0.5828125 0.6234375 0.1125 0.046875
0 0.38671875 0.64609375 0.0734375 0.09765625
1 0.63984375 0.79921875 0.26171875 0.25625
0 0.5 0.5015625 0.0609375 0.0734375
0 0.7046875 0.88046875 0.07265625 0.0453125
0 0.50078125 0.4078125 0.0546875 0.0296875
0 0.55 0.35703125 0.0578125 0.0390625
0 0.81875 0.51796875 0.1203125 0.06875
0 0.703125 0.71015625 0.04609375 0.0453125
0 0.76796875 0.36953125 0.06484375 0.05078125
2 0.675 0.46875 0.459375 0.2984375
0 0.534375 0.37578125 0.071875 0.05625
0 0.5359375 0.784375 0.0328125 0.02734375
1 0.178125 0.58828125 0.3453125 0.23125