0 0.415625 0.3046875 0.025 0.03828125
2 0.21953125 0.1953125 0.3984375 0.390625
0 0.3609375 0.31796875 0.046484375 0.06875
0 0.6 0.540625 0.059375 0.0375
0 0.72578125 0.503125 0.065625 0.05859375
0 0.228125 0.0328125 0.1 0.065625
1 0.540625 0.14765625 0.255859375 0.230078125
0 0.11640625 0.19765625 0.151171875 0.0625
2 0.60859375 0.44765625 0.3015625 0.2234375
0 0.7921875 0.3234375 0.065625 0.059375
0 0.79765625 0.2703125 0.0515625 0.025
2 0.06407271249999999 0.559375 0.0651143796875 0.56015625 0.0693627453125 0.561381740625 0.07001634062499999 0.5638327203125 0.0592320265625 0.5721660546875 0.044199346875000003 0.579273896875 0.04158496875 0.58515625 0.04158496875 0.594224878125 0.046813726562500005 0.6091758578124999 0.057598040625 0.624617034375 0.072303921875 0.6395680140625 0.0791471703125 0.64375 0.10888480625000001 0.64375 0.109558825 0.6432444859374999 0.123937909375 0.6273131125 0.1513888890625 0.6015778187499999 0.1772058828125 0.5741268390625 0.194199346875 0.5599111515625 0.1946014609375 0.559375 0.06407271249999999 0.559375
0 0.1 0.58515625 0.0375 0.041796875
2 0.8796875 0.9578125 0.240625 0.084375
0 0.88515625 0.95078125 0.041796875 0.032421875
0 0.9203125 0.97890625 0.059375 0.0421875