1 0.15390625 0.6578125 0.2890625 0.184375
1 0 0.31617355156250004 0.004457721875 0.323815359375 0.016467525 0.3388480390625 0.023820465625000002 0.3453839875 0.0314185046875 0.35551470625000003 0.040242034375 0.36205065468750003 0.057643995312499995 0.3708741828125 0.0774969375 0.3761029421875 0.0831265203125 0.3765625 0.09075674218749999 0.3765625 0.097349878125 0.373815359375 0.101271446875 0.3666258171875 0.1064185046875 0.3401552296875 0.11891850468750001 0.28623366093749997 0.1208792890625 0.281658496875 0.1252910546875 0.2764297390625 0.1284773296875 0.2761029421875 0.1397518390625 0.27904411875 0.1522518390625 0.28623366093749997 0.1657322296875 0.29080882343750003 0.190242034375 0.3015931375 0.194163603125 0.3002859484375 0.2020067390625 0.29146241875 0.20739889687500002 0.27577614375000004 0.2120557609375 0.2666258171875 0.22725183906250002 0.2162990203125 0.228967525 0.199632353125 0.22136948437499998 0.187214053125 0.22014399375 0.1829656875 0.2240655640625 0.17577614375 0.230193015625 0.171854575 0.233869484375 0.16760620937499998 0.235585171875 0.1623774515625 0.2375 0.14929279374999999 0.2375 0.14867238437500002 0.23509497656249997 0.13263888906250001 0.22945772187500002 0.12741013125 0.21989889687500003 0.123161765625 0.2120557609375 0.115318628125 0.1770067390625 0.10486111093749999 0.1635263484375 0.0960375828125 0.13558517187500002 0.0885212421875 0.126271446875 0.0819852953125 0.11867340781249999 0.0783905234375 0.10029105468749999 0.0741421578125 0.08013835312499999 0.0671875 0.071026909375 0.0671875 0.059114584375 0.0705473859375 0.0483302703125 0.0761029421875 0.030928309375 0.0960375828125 0.028477329687500004 0.1006127453125 0.018428309375 0.1280637265625 0.0086243875 0.159763071875 0.00029105468749999997 0.191135621875 0 0.1923829984375 0 0.31617355156250004
0 0.150398284375 0.14136029375 0.150398284375 0.151164215625 0.152604165625 0.16619689531249998 0.156525734375 0.1828635625 0.1594669109375 0.18678513125 0.16363357812499998 0.18972630625 0.16895085 0.190625 0.1983237 0.190625 0.20039828437499999 0.1903799015625 0.20481005156249998 0.190625 0.2138062609375 0.190625 0.2266237734375 0.187438725 0.2285845578125 0.1864583328125 0.23054534218749997 0.183190359375 0.234375 0.170424834375 0.234375 0.1657884 0.230790440625 0.1626021234375 0.2192708328125 0.15998774531249998 0.2114276953125 0.15541258125 0.1996629890625 0.151164215625 0.1910845578125 0.144955065625 0.1719669109375 0.13972630625 0.1638786765625 0.13547794062500002 0.1533394609375 0.1322099671875 0.15088847968750002 0.13580473906249999 0.150398284375 0.14136029375
0 0.1953125 0.66328125 0.04375 0.173046875
0 0.17890625 0.7 0.1234375 0.08984375
2 1 0 0.740953946875 0 0.734375 0.09375 0.725 0.1234375 0.7109375 0.134375 0.671875 0.13125 0.634375 0.14375 0.60625 0.1890625 0.56875 0.2144003375 0.56875 0.7232142859375 0.5828125 0.73125 0.65 0.7328125 0.66875 0.7265625 0.9 0.6078125 1 0.5656556375 1 0
0 0.56875 0.256142240625 0.6046875 0.24375 0.6546875 0.2109375 0.6546875 0.2015625 0.6453125 0.19375 0.6203125 0.1890625 0.58125 0.209375 0.56875 0.2262228265625 0.56875 0.256142240625
0 1 0.370758928125 0.996875 0.3703125 0.975 0.321875 0.9421875 0.2921875 0.9296875 0.2921875 0.9265625 0.3140625 0.9484375 0.41875 0.9484375 0.4578125 0.9203125 0.575 0.928125 0.584375 0.9421875 0.584375 1 0.5594105109374999 1 0.370758928125
0 0.56875 0.6674107140625 0.5984375 0.684375 0.6453125 0.6734375 0.6640625 0.6578125 0.6921875 0.65 0.7109375 0.621875 0.7046875 0.5890625 0.6578125 0.5125 0.6453125 0.4703125 0.6296875 0.459375 0.6109375 0.4578125 0.56875 0.4758928578125 0.56875 0.6674107140625
0 0.634375 0.1890625 0.6546875 0.196875 0.7140625 0.2484375 0.7171875 0.2328125 0.703125 0.1734375 0.709375 0.146875 0.6953125 0.1328125 0.6640625 0.1296875 0.628125 0.1453125 0.6078125 0.1890625 0.61875 0.19375 0.634375 0.1890625
2 0.56875 1 0.56875 0.7591631359375001 0.4578125 0.834375 0.4328125 0.84375 0.390625 0.8765625 0.3703125 0.8796875 0.35 0.903125 0.3203125 0.9125 0.2984375 0.971875 0.29891419531249996 1 0.56875 1
0 0.45390625 0.95390625 0.2296875 0.0921875