1 0.50390625 0.2765625 0.271875 0.26875
0 0.31015625 0.58046875 0.08203125 0.06171875
2 0.33046875 0.5140625 0.5484375 0.2640625
1 0.39140625 0.85 0.3703125 0.28828125
0 0.54140625 0.3546875 0.06796875 0.053125
0 0.4203125 0.96328125 0.04375 0.065625
0 0.6015625 0.32734375 0.03125 0.025
0 0.8640625 0.68984375 0.121875 0.06640625
0 0.39140625 0.24453125 0.03046875 0.02421875
0 0.13515625 0.57109375 0.16015625 0.04453125
0 0.553125 0.9578125 0.02578125 0.06953125
0 0.51640625 0.51953125 0.11015625 0.053125
0 0.69296875 0.73984375 0.0796875 0.078125
0 0.58828125 0.18515625 0.05859375 0.053125
0 0.48671875 0.7875 0.08984375 0.0421875
0 0.49140625 0.60390625 0.16953125 0.05
0 0.11640625 0.50234375 0.08671875 0.02734375
0 0.35390625 0.50703125 0.09609375 0.04609375
0 0.28203125 0.82890625 0.12109375 0.06875
0 0.26171875 0.76640625 0.0671875 0.01796875
0 0.38671875 0.49765625 0.07109375 0.05078125
2 0.7546875 0.65859375 0.35546875 0.2890625
0 0.50078125 0.95 0.04140625 0.096875
0 0.1046875 0.62265625 0.08828125 0.01875
0 0.5265625 0.33359375 0.12734375 0.1015625
0 0.3453125 0.50546875 0.2828125 0.090625
0 0.509375 0.54375 0.1359375 0.065625
0 0.603125 0.33359375 0.025 0.021875