2 0 0 0 0.5796875 0.35612373750000004 0.5796875 0.3609375 0.484375 0.3703125 0.45625 0.3921875 0.45 0.553125 0.45 0.56875 0.43854166718750004 0.56875 0.22999999999999998 0.5578125 0.2234375 0.3921875 0.2140625 0.375 0.2046875 0.3734375 0.1625 0.3953125 0.09375 0.4 0.05 0.4015625 0.003125 0.3998263890625 0 0 0
0 0.290625 0.43359375 0.121875 0.2921875
0 0.1296875 0.10703125 0.096875 0.2140625
0 0.0578125 0.50703125 0.06875 0.1453125
0 0.290625 0.43359375 0.121875 0.2921875
0 0.1296875 0.10703125 0.096875 0.2140625
0 0.0578125 0.50703125 0.06875 0.1453125
0 0.36171875 0.1171875 0.0734375 0.234375
2 1 0.1840037125 0.8546875 0.1796875 0.84375 0.1859375 0.825 0.2609375 0.8203125 0.30625 0.81875 0.4265625 0.828125 0.4921875 0.84375 0.509375 0.884375 0.51875 1 0.528102021875 1 0.1840037125
2 0.3681640625 0.5796875 0.3421875 0.6125 0.315625 0.6859375 0.1953125 0.9203125 0.1984375 0.95625 0.230118534375 1 0.37716884375 1 0.4171875 0.91875 0.5390625 0.6359375 0.5359375 0.5984375 0.5269375000000001 0.5796875 0.3681640625 0.5796875
2 1 0.5796875 0.9541294640625001 0.5796875 0.93125 0.6265625 0.834375 0.8 0.8328125 0.81875 0.8421875 0.8421875 0.8859375 0.9 0.925 0.93125 0.9625 0.9453125 0.9890625 0.94375 1 0.93349609375 1 0.5796875