0 0.3921875 0.1765625 0.034375 0.05
0 0.30546875 0.25703125 0.053125 0.04375
2 0.3171875 0.2125 0.184375 0.253125
2 0.04375 0.42265625 0.0875 0.2328125
0 0.02734375 0.51015625 0.0546875 0.0578125
2 0.04609375 0.50390625 0.0921875 0.0703125
1 0.5507046578125 0.10920138906250001 0.5350183828125 0.1271752453125 0.5303615203125001 0.136325571875 0.5217830890624999 0.160835375 0.5173713234375 0.18207720624999998 0.51026348125 0.2072406046875 0.5014399515625 0.24449550625 0.4975183828125 0.26573733593750004 0.49237132343749995 0.284037990625 0.4874693625 0.31410335 0.48305759843749996 0.3281556375 0.482567403125 0.3333843953125 0.485998775 0.3431883171875 0.49041053906250004 0.35070465624999997 0.503645834375 0.36312295781250004 0.5217830890624999 0.3850183828125 0.5406556375 0.39612949375 0.54923406875 0.40495302187500004 0.5654105390625 0.4186785125 0.5896752453125 0.43011642187500004 0.608229934375 0.4359375 0.612318090625 0.4359375 0.6171262265624999 0.434037990625 0.61957720625 0.4297896234375 0.637224265625 0.338613153125 0.6396752453125 0.33044321875 0.6443321078124999 0.324560865625 0.6487438734375 0.3232536765625 0.6568321078125 0.3252144609375 0.680116421875 0.336325571875 0.716145834375 0.3477634796875 0.7230085781250001 0.34809027812500004 0.726194853125 0.34547589843750004 0.7301164218749999 0.33959354531249997 0.7337928921875 0.330116421875 0.7428615203125 0.29514910156249996 0.7531556375 0.24416870937500001 0.7614889703125 0.194168709375 0.7625 0.1840584171875 0.7625 0.162551059375 0.7607536765624999 0.15789419843750002 0.7585477953125 0.1556066171875 0.7404105390625 0.14286151875 0.66026348125 0.1176981203125 0.6389399515624999 0.10854779375000001 0.5901654421875 0.0967830875 0.5845281859375 0.0967830875 0.570067403125 0.0997242640625 0.5595281859375 0.10397262968750001 0.5507046578125 0.10920138906250001
0 0.6520680140625 0.167779821875 0.6508425234375 0.179871325 0.655744484375 0.2001327625 0.6611366421875 0.2141850484375 0.6657935046875 0.2220281859375 0.678538603125 0.2301981203125 0.6915287984375 0.23313929843749998 0.700352328125 0.23215890625000002 0.7165287984375001 0.22562295781250002 0.7241268375000001 0.224642565625 0.730744484375 0.22562295781250002 0.735401346875 0.227910540625 0.737852328125 0.23052491874999997 0.7436229453125 0.246875 0.7455748375000001 0.246875 0.7513327203125 0.24588439687500002 0.7537837 0.235753675 0.7546875 0.2273182109375 0.7546875 0.19698733906250002 0.753538603125 0.1939236125 0.7515778187500001 0.1929432203125 0.741038603125 0.1932700171875 0.70942095625 0.1854268796875 0.6974111515625 0.1769301484375 0.681969975 0.173988971875 0.659666053125 0.16059027812499999 0.655744484375 0.16026348125 0.6530484062499999 0.16418504843749998 0.6520680140625 0.167779821875
2 0.11484375 0.62109375 0.2296875 0.1640625
1 0.2981891421875 1 0.299571078125 0.997293709375 0.30545343125 0.988796978125 0.31354166562499997 0.9724571078124999 0.3171875 0.9603043265625001 0.3171875 0.954605803125 0.315257353125 0.95088848125 0.2983455875 0.93520220625 0.282414215625 0.9250714875 0.27261029375 0.915267565625 0.262071078125 0.9084048203125 0.25692401875000004 0.901542075 0.254227940625 0.8914113562499999 0.25447303906249996 0.8858558015625 0.26084558750000003 0.8760518796875001 0.2696691171875 0.8567708328125001 0.272120096875 0.838796978125 0.271384803125 0.8208231218750001 0.26795343125 0.8051368468749999 0.26158088125 0.795006128125 0.2576593140625 0.7861825984374999 0.246384803125 0.7711499187499999 0.23829656875 0.76722835 0.2348651953125 0.7682087421875 0.23045343125 0.7727839046874999 0.21770833281250002 0.7809538406250001 0.2162377453125 0.7803002453125 0.213541665625 0.7760518796875 0.21035539218750002 0.7541564546874999 0.20790441093749998 0.751542075 0.1985906859375 0.75088848125 0.1900122546875 0.7541564546874999 0.18511029375000002 0.7593852125 0.17212009687500002 0.7669015531250001 0.1662377453125 0.7750714875 0.159375 0.7809538406250001 0.1419730390625 0.8080780234375 0.1289828421875 0.8306270421875 0.12457107812499998 0.8361825984374999 0.1201593140625 0.8446793296875 0.11378676406249999 0.8521956703125 0.10863970468749999 0.8623263890625001 0.10324754843749999 0.8685355390625 0.09908088125 0.8780126640624999 0.0939338234375 0.8858558015625 0.086335784375 0.9054636437500001 0.08388480312499999 0.921476715625 0.084620096875 0.93520220625 0.0873161765625 0.9541564546875 0.0912377453125 0.9721303109375 0.0939338234375 0.9780126640625 0.10667892187500001 0.9966401140624999 0.1101935390625 1 0.2981891421875 1
2 0.5305330875000001 0.5390625 0.5390625 0.6296875 0.4953125 0.628125 0.48125 0.640625 0.478125 0.6640625 0.4828125 0.68125 0.5 0.6953125 0.5171875 0.7265625 0.5328125 0.7375 0.5265625 0.7546875 0.4875 0.78125 0.46875 0.8015625 0.4703125 0.85 0.4828125 0.890625 0.5203125 0.9703125 0.5419034093749999 1 0.603192934375 1 0.6640625 0.95 0.6828125 0.9453125 0.69375 0.953125 0.6953125 0.9734375 0.71615901875 1 0.95 1 0.9734375 0.9296875 0.971875 0.9 0.9796875 0.8734375 0.9734375 0.846875 0.698158028125 0.5390625 0.5305330875000001 0.5390625
0 0.7546875 0.92578125 0.128125 0.1484375
0 0.87109375 0.83125 0.2015625 0.24296875
0 0.565625 0.625 0.1375 0.171875
0 0.640625 0.5609375 0.115625 0.04375