1 0.221875 0.46328125 0.3375 0.0515625
1 0.020859346875 0 0.0162377453125 0.0272160953125 0.0118259796875 0.04453635625 0.004227940625 0.0968239375 0.0076593140625 0.1098958328125 0.010600490625 0.11643178125 0.0255514703125 0.1389808 0.030453431250000003 0.148457925 0.038541665625 0.15532067031250002 0.056678921874999996 0.1657781859375 0.08927696093750001 0.1752553109375 0.10667892187500001 0.18309844687500001 0.13535539218749998 0.18996119218750002 0.1533049953125 0.1921875 0.1573312390625 0.1921875 0.16550245 0.188654003125 0.1696691171875 0.18375204218750002 0.17138480312499998 0.1798304734375 0.173835784375 0.160549428125 0.1782475484375 0.14290236875 0.183884803125 0.10728145468750001 0.1900122546875 0.0778696890625 0.1934436265625 0.0719873359375 0.20447303906249997 0.0716605390625 0.213541665625 0.074601715625 0.2270220578125 0.08179125781249999 0.25055147031249997 0.0896343953125 0.271384803125 0.0994383171875 0.2814338234375 0.09976511406250001 0.28878676406250003 0.096497140625 0.291727940625 0.09290236874999999 0.30275735312499996 0.0641441984375 0.3110906859375 0.03277165 0.318506684375 0 0.020859346875 0
0 0.25078125 0.47578125 0.1296875 0.0265625
2 1 0 0.570522584375 0 0.5828125 0.1625 0.5890625 0.16875 0.60625 0.16875 0.70625 0.1578125 0.746875 0.159375 0.7609375 0.275 0.7703125 0.3015625 0.7828125 0.309375 0.853125 0.3109375 0.921875 0.29375 0.9421875 0.26875 0.9390625 0.1921875 0.94375 0.1390625 1 0.1296875 1 0
0 0.64609375 0.0875 0.1546875 0.175
0 0.3921875 0.809375 0.03125 0.034375
0 0.4296875 0.921875 0.024609375 0.053515625
0 0.40546875 0.52265625 0.040625 0.0484375
1 0.4921875 0.94765625 0.153125 0.1046875
0 0.5640625 0.95234375 0.009375 0.0578125
0 0.30546875 0.80078125 0.06640625 0.0375
0 0.4859375 0.7859375 0.034375 0.02890625
0 0.390625 0.89453125 0.0234375 0.1265625
0 0.05 0.80625 0.028125 0.071875
2 0.38203125 0.8234375 0.2703125 0.26640625
2 0.46875 0.63984375 0.2 0.3015625
0 0.2140625 0.83828125 0.103125 0.04296875
0 0.43984375 0.984375 0.0296875 0.03125
0 0.07109375 0.65390625 0.034375 0.1015625
1 0.159375 0.74765625 0.26953125 0.29296875
0 0.68671875 0.82734375 0.2265625 0.3453125