1 0.18828125 0.0859375 0.2265625 0.171875
0 0.034375 0.440625 0.06875 0.053125
0 0.046875 0.57734375 0.09375 0.0640625
1 0 0.609375 0.07798835781249999 0.609375 0.08126531875000001 0.6025479984375 0.0828125 0.59658848125 0.0828125 0.582137134375 0.07856924062500001 0.54372446875 0.0744025734375 0.519868259375 0.0719515921875 0.5139859078125 0.06876531875 0.5110447312499999 0.0587162984375 0.5110447312499999 0.0528339453125 0.5071231625 0.0528339453125 0.5028747953125 0.055775121875 0.49372446718749996 0.0587162984375 0.4911100890625 0.0680300234375 0.4868617234375 0.0704810046875 0.48294015625000003 0.072196690625 0.4767310046875 0.0704810046875 0.4731362328125 0.063618259375 0.46594669218749996 0.060677082812500005 0.46039113593750003 0.05234375 0.43294015625000004 0.0415594359375 0.4025479984375 0.0349417890625 0.38686172343749997 0.029549632812499997 0.380652571875 0.020481004687500002 0.377711396875 0.0050398281250000005 0.3819597640625 0 0.3840919984375 0 0.609375
2 1 0.609375 1 0.40443749999999995 0.965625 0.3796875 0.940625 0.378125 0.9140625 0.3890625 0.8703125 0.4359375 0.675 0.3875 0.6484375 0.396875 0.6265625 0.425 0.5984375 0.5140625 0.59375 0.5703125 0.59956781875 0.609375 1 0.609375
0 0.703125 0.45078125 0.134375 0.0921875
2 0.5328958328125 0.609375 0.534375 0.7203125 0.540625 0.7609375 0.55625 0.7984375 0.625 0.796875 0.64375 0.803125 0.634375 0.978125 0.64483695625 1 0.87203125 1 0.89375 0.7828125 0.915773809375 0.609375 0.5328958328125 0.609375
0 0.8388541671875 1 0.8375 0.9796875 0.85 0.903125 0.85 0.86875 0.8453125 0.8625 0.83125 0.8796875 0.825 0.9265625 0.8125 0.95625 0.8066105765625 1 0.8388541671875 1
0 0.7625 0.70390625 0.11875 0.1890625
0 0.83359375 0.91328125 0.0515625 0.1734375
0 0.65625 0.8921875 0.0875 0.215625
0 0.679461596875 1 0.678125 0.8890625 0.671875 0.8421875 0.6609375 0.8203125 0.6609375 0.8046875 0.653125 0.8015625 0.6453125 0.821875 0.6375 0.971875 0.6487499999999999 1 0.679461596875 1