0 0.55390625 0.21796875 0.096875 0.078125
0 0.353125 0.28515625 0.19453125 0.0546875
0 0.30859375 0.871875 0.121875 0.0546875
1 0.39375 0.89453125 0.45703125 0.19375
2 0.56953125 0.190625 0.64140625 0.36796875
0 0.5375 0.94375 0.1421875 0.0703125
2 0.76875 0.6875 0.35 0.32109375
0 0.371875 0.36796875 0.10625 0.0484375
0 0.55703125 0.834375 0.08671875 0.05
0 0.76796875 0.18125 0.21171875 0.06015625
0 0.81953125 0.196875 0.0828125 0.03203125
2 0.55390625 0.21171875 0.2859375 0.15078125
0 0.56171875 0.2140625 0.478125 0.18125
0 0.02421875 0.621875 0.04375 0.075
1 0.04765625 0.70390625 0.09140625 0.265625
0 0.275 0.2375 0.1 0.0328125
0 0.78515625 0.60078125 0.09140625 0.09609375