1 0.22360600625 0.1772007765625 0.226056984375 0.16086090625 0.22532169062500002 0.1553053515625 0.21723345468750002 0.1379850890625 0.1981158078125 0.1177236515625 0.177037378125 0.10236417499999999 0.16698835625 0.09844260625 0.1571844359375 0.0977890109375 0.1434589453125 0.100403390625 0.130223653125 0.10465175625 0.11208639843749998 0.115109271875 0.10644914218749998 0.1193576390625 0.097135415625 0.132429534375 0.09394914062500001 0.138638684375 0.087086396875 0.1559589453125 0.0824295328125 0.1736060046875 0.076792278125 0.188638684375 0.0726256125 0.2059589453125 0.058655023437499995 0.2517105796875 0.053017768750000006 0.2758935859375 0.04983149375 0.29223345625 0.0488511015625 0.3075929328125 0.049096201562500004 0.3258935859375 0.051056984375 0.34223345625 0.055958946875000005 0.3595537171875 0.059390318750000004 0.36707005625 0.071400121875 0.383083128125 0.0900275734375 0.3977890109375 0.1125765921875 0.4079197296875 0.12409619999999999 0.41608966406250003 0.144929534375 0.4255667890625 0.15424326093750002 0.43242953437500004 0.1750765921875 0.442560253125 0.1870863984375 0.45007659218749996 0.2070063578125 0.4578125 0.220946309375 0.4578125 0.222380515625 0.4572661359375 0.22507659218749998 0.4539981609375 0.23414522031249999 0.4314491421875 0.25277267187499997 0.37491319375 0.2662530625 0.320991625 0.26875 0.3137782515625 0.26875 0.30372243125 0.26698835625 0.2955014296875 0.2642922796875 0.2915798609375 0.24517463281250002 0.28275633125 0.230223653125 0.272952409375 0.2066942390625 0.26249489375 0.202527571875 0.2592269203125 0.201056984375 0.2494229984375 0.201056984375 0.24190665781249998 0.208900121875 0.22327920781250002 0.22360600625 0.1772007765625
0 0.1609375 0.1390625 0.04453125 0.090625
0 0.22421875 0.37421875 0.0640625 0.090625
0 0.2546875 0.28984375 0.065625 0.065625
0 0.06328125 0.31171875 0.0453125 0.069921875
2 1 0.5796875 1 0.363344109375 0.9890625 0.3578125 0.9828125 0.346875 0.9921875 0.328125 0.9953125 0.290625 0.9828125 0.246875 0.96875 0.2234375 0.9203125 0.184375 0.871875 0.178125 0.8484375 0.1859375 0.8375 0.196875 0.790625 0.2703125 0.7609375 0.265625 0.6015625 0.1921875 0.5890625 0.1921875 0.5890625 0.5604347828125 0.631640625 0.5796875 1 0.5796875
0 0.68046875 0.2953125 0.1828125 0.16875
0 0.9359375 0.48671875 0.128125 0.1859375
0 0.68046875 0.5046875 0.1828125 0.15
2 0.3153492640625 0.5796875 0.3140625 0.6125 0.19375 0.6359375 0.184375 0.728125 0.190625 0.81875 0.2078125 0.890625 0.309375 0.884375 0.3171875 0.890625 0.30625 0.9578125 0.3091933140625 1 0.5890625 1 0.5890625 0.906640625 0.584375 0.8765625 0.5513888890625 0.5796875 0.3153492640625 0.5796875
0 0.4828125 0.80859375 0.0875 0.25
0 0.559375 0.95625 0.059375 0.0875
0 0.3484375 0.928125 0.140625 0.14375