2 0.275 0.36328125 0.55 0.5109375
0 0.1078125 0.56015625 0.215625 0.1015625
0 0.4375 0.41953125 0.216015625 0.0734375
0 0.45859375 0.4640625 0.2015625 0.124609375
2 0.71875 0.309375 0.178125 0.61875
0 0.69375 0.53515625 0.128125 0.1578125
0 0.709375 0.3078125 0.159375 0.165625
0 0.6296875 0.26196384687499996 0.633103553125 0.2665185859375 0.64707414375 0.2743617234375 0.6532015921875 0.28220486093749997 0.6563878671875 0.283838846875 0.6617800234375 0.2893944046875 0.6683976734375 0.2991983234375 0.6772212015625 0.3086754484375 0.68114276875 0.315864990625 0.6877604171875 0.3207669515625 0.6921721828125 0.32959048125 0.699525121875 0.3357996328125 0.7083486531250001 0.3387408078125 0.71104473125 0.3387408078125 0.7142310046875 0.33678002500000004 0.7169270828125 0.3328584546875 0.7179074765625 0.3184793703125 0.7157015921875 0.3099826390625 0.7130055140625 0.3063878671875 0.70932904375 0.304100284375 0.7005055140625001 0.305407475 0.698054534375 0.30311989375000004 0.6946231625 0.29593035 0.6914368890625 0.29200878124999996 0.680162378125 0.287760415625 0.67501531875 0.2789368875 0.6718290437500001 0.275995709375 0.66104473125 0.27207414218750003 0.6590839468749999 0.2665185859375 0.6600643374999999 0.25965584062499997 0.6634957125 0.25769505625 0.6808976734375001 0.26194342187499997 0.7088388484375 0.2648845984375 0.7228094374999999 0.2707669515625 0.737270221875 0.2737081296875 0.74609375 0.274034925 0.7492800234375 0.2786100890625 0.7492800234375 0.286126428125 0.742662378125 0.301812703125 0.7384957125 0.31913296406249997 0.7348192390625 0.32305453281249996 0.724034928125 0.325995709375 0.72109375 0.3289368875 0.7213388484375 0.3328584546875 0.723054534375 0.336126428125 0.7296721828125 0.3397212 0.734083946875 0.3485447296875 0.7377875734375 0.3515625 0.7462188515625 0.3515625 0.74707414375 0.34985191875 0.7507506125 0.32305453281249996 0.7529564953125 0.315864990625 0.7563878671875 0.3103094359375 0.7610447312499999 0.2802440765625 0.7642310046875 0.27174734375 0.7661917890625001 0.2691329640625 0.7691329671875 0.25606106875 0.7740349281250001 0.2527930953125 0.775 0.25103841875 0.775 0.23713490625000003 0.774525121875 0.23547283437500002 0.7703584578125 0.2318780625 0.7647212015625 0.22991727968750003 0.74682904375 0.227629696875 0.7414368890625 0.2237081296875 0.7384957125 0.21880616718749998 0.7326133578125 0.21553819375 0.6963388484374999 0.2073682609375 0.670848653125 0.1965839453125 0.648054534375 0.1965839453125 0.6377604171875 0.1985447296875 0.637025121875 0.2024662984375 0.641681984375 0.21259701875 0.6451133578125 0.22861008906250002 0.644868259375 0.23122446874999997 0.6431525734375 0.2344924421875 0.6411917890625001 0.2357996328125 0.6328584578124999 0.23710682031250002 0.6296875 0.2346908546875 0.6296875 0.26196384687499996
2 0.3473958328125 0.61875 0.321875 0.640625 0.3046875 0.684375 0.303125 0.7328125 0.296875 0.740625 0.24375 0.740625 0.228125 0.790625 0.2203125 0.8953125 0.23125 0.9328125 0.340625 0.9546875 0.3475370765625 1 0.530098684375 1 0.53125 0.978125 0.51875 0.6859375 0.5 0.6375 0.48413461562500004 0.61875 0.3473958328125 0.61875
0 0.45546875 0.8421875 0.13125 0.171875
0 0.4484375 0.728125 0.415625 0.7265625 0.39375 0.7328125 0.3671875 0.753125 0.3609375 0.765625 0.365625 0.790625 0.390625 0.8125 0.4203125 0.8703125 0.440625 0.8875 0.4640625 0.8921875 0.4953125 0.8875 0.496875 0.8296875 0.5109375 0.790625 0.509375 0.7578125 0.496875 0.7578125 0.4796875 0.740625 0.4484375 0.728125