0 0.1453125 0.4265625 0.12734375 0.09140625
0 0.0875 0.4953125 0.128125 0.06875
0 0.1125 0.02109375 0.153125 0.0421875
1 0 0 0 0.1643397296875 0.0077308 0.149632353125 0.01492034375 0.1310049015625 0.0211294921875 0.1192401953125 0.029299428125 0.09448529375 0.0315870109375 0.09129901875 0.0387765515625 0.0868872546875 0.0453125 0.086397059375 0.057404004687499996 0.0895833328125 0.069822303125 0.0942401953125 0.1021752453125 0.1020833328125 0.11720792656250001 0.1072303921875 0.1426981203125 0.1118872546875 0.1534824359375 0.1150735296875 0.1600183828125 0.11433823437499999 0.1688419125 0.109681371875 0.185508578125 0.0822303921875 0.20969158437500002 0.03125 0.2218681453125 0 0 0
1 0 0.5296875 0.21748220156250003 0.5296875 0.22448427343750002 0.5246170343750001 0.23461499218749998 0.5123621328125 0.24049734531250003 0.498881740625 0.241804534375 0.483930759375 0.2385365609375 0.471430759375 0.23461499218749998 0.462117034375 0.22611825937500002 0.452803309375 0.2212162984375 0.44446997499999996 0.2143535546875 0.43907781874999996 0.2084712015625 0.4309895828125 0.20128165937500003 0.425842525 0.19507250781250002 0.41750919062499997 0.18134701875 0.408195465625 0.1767718546875 0.408195465625 0.167621528125 0.41064644687499996 0.1525888484375 0.4177542890625 0.1447457109375 0.4241268390625 0.13559538437500002 0.4290287984375 0.13134701875000002 0.4341758578125 0.12742545 0.4366268390625 0.117621528125 0.441773896875 0.11369995937499999 0.441038603125 0.11108557968749999 0.4373621328125 0.111739175 0.43393075937500003 0.11729473125 0.42461703437500004 0.125464665625 0.4165287984375 0.13003982812499998 0.408195465625 0.133961396875 0.40476409375 0.1369025734375 0.4001072296875 0.13755616875 0.387117034375 0.13592218125 0.382460171875 0.12938623437500002 0.37804840624999997 0.1169679328125 0.37339154375 0.10847120156250001 0.3682444859375 0.09834048281249999 0.3645680140625 0.080039828125 0.36015625 0.0666411359375 0.3552542890625 0.0552032265625 0.35353860312499996 0.04376531875 0.35353860312499996 0.030039828125 0.356724878125 0.015007148437500001 0.367509190625 0.0087979984375 0.3751072296875 0 0.3834085671875 0 0.5296875
2 0.42280996406250004 0 0.420741421875 0.004090073437499999 0.41875 0.0109178078125 0.41875 0.0174126828125 0.4200878265625 0.0200214453125 0.44459763125 0.0339920359375 0.44427083281249996 0.037913603125 0.437081290625 0.0516390921875 0.4361008984375 0.058011643749999994 0.4419832515625 0.07320772187499999 0.4469202265625 0.0796875 0.49227736875000006 0.0796875 0.4998263890625 0.07614889687500001 0.5233558015625001 0.0460018375 0.5544516171875 0 0.42280996406250004 0
0 0.5171875 0.0171875 0.05625 0.034375
1 0.686657475 0.6334712015624999 0.6726051875 0.6275888484375 0.648748978125 0.621461396875 0.6353502859375 0.615333946875 0.6177032265625 0.6111672796875001 0.5954810046875 0.604304534375 0.573912378125 0.6008731625 0.5595332921875 0.6008731625 0.5510365609375001 0.6038143390624999 0.530121528125 0.6163143390625 0.524565971875 0.6229319859375 0.51868361875 0.6275888484375 0.5128012656250001 0.6361672796875 0.50626531875 0.6427849265625 0.49515420781249997 0.6584712015624999 0.4909058421875 0.6665594359375 0.486657475 0.6810202203125 0.48142871718749997 0.693030025 0.4791411359375 0.7077359078125001 0.4791411359375 0.7202359078125 0.48142871718749997 0.7315104171875 0.48273590625 0.7337163 0.4961346 0.744255515625 0.5007097625 0.746461396875 0.524565971875 0.7533241421875 0.5353502859375 0.758961396875 0.56247446875 0.7643535546875 0.5748927703125 0.7680300250000001 0.592539828125 0.7748927703125 0.5961346 0.777833946875 0.5974417890625 0.780530025 0.5974417890625 0.783961396875 0.591886234375 0.7908241421875 0.5830627046875 0.8060202203125 0.5748927703125 0.82342218125 0.56084048125 0.844255515625 0.5510365609375001 0.8631280640625001 0.5464613968750001 0.869255515625 0.5458078015625001 0.8719515937500001 0.5471149921875 0.8746476718749999 0.5529973453125 0.8807751234375001 0.558226103125 0.8842064953125 0.5850234890625 0.8954810046875 0.60789930625 0.90234375 0.6187166109375 0.9046875 0.6466656515625 0.9046875 0.6814287171875 0.9018535546875001 0.7484221812499999 0.9006280640625001 0.7588796984374999 0.8998927703125 0.7634548609375 0.8986672796875 0.7677032265625 0.8957261031249999 0.7709712015625 0.8913143390625 0.773912378125 0.8842064953125 0.780448325 0.875382965625 0.7928666265625 0.8525888484374999 0.818356821875 0.79695159375 0.8275071484375001 0.7721966921875 0.8382914625 0.7337163 0.8390625 0.7273552375 0.8390625 0.7199663968750001 0.8369842734375 0.7084712015625 0.8278339453125 0.69057904375 0.8154156453125001 0.6770986515625 0.79842218125 0.6658241421875 0.7869842734375 0.6609221812499999 0.774565971875 0.6577359078125 0.760513684375 0.65234375 0.7311019203125 0.6459712015625 0.7150888484375 0.6400888484375 0.686657475 0.6334712015624999
0 0.63359375 0.859375 0.065625 0.10703125
0 0.8078125 0.71328125 0.087890625 0.046875
0 0.56328125 0.65234375 0.1015625 0.0671875
0 0.515625 0.72109375 0.0859375 0.0578125