0 0.25 0.09140625 0.10078125 0.091796875
1 0.140441178125 0.014486315625000001 0.1299019625 0.016773896875 0.10882353125 0.03115298125 0.103186275 0.0360549421875 0.090931371875 0.0533752046875 0.0816176484375 0.08115298125 0.0772058828125 0.1053359890625 0.072058825 0.12298304687499999 0.066911765625 0.150434028125 0.06250000156249999 0.1677542890625 0.059068628125 0.1893229171875 0.0480392171875 0.23932291718749998 0.0485294125 0.2523948125 0.0495098046875 0.2559895828125 0.051715687499999996 0.258930759375 0.063725490625 0.269061478125 0.07132353125 0.2795189953125 0.106862746875 0.3141595171875 0.113725490625 0.3239634390625 0.12058823593750001 0.330826184375 0.1328431390625 0.3396497140625 0.13970588281250002 0.3429176875 0.15073529531250002 0.3455320671875 0.16544041874999998 0.346875 0.169118603125 0.346875 0.1752450984375 0.3432444859375 0.178676471875 0.337035334375 0.19558823593750002 0.2455320671875 0.1982843140625 0.23703533437500002 0.20073529531249998 0.23409415781249998 0.2061274515625 0.230826184375 0.2198529421875 0.23278696875 0.241911765625 0.2419372953125 0.2730392171875 0.2514144203125 0.280882353125 0.2514144203125 0.2835784328125 0.2501072296875 0.285784315625 0.24651245937500002 0.2887254890625 0.23964971406250002 0.2941176484375 0.22069546562500003 0.3036764703125 0.172329453125 0.3112745109375 0.11906147812500001 0.3125 0.10344784375 0.3125 0.067717971875 0.3112745109375 0.0615451390625 0.309068628125 0.057296773437500004 0.3049019625 0.0523948125 0.3012254890625 0.050760824999999996 0.2723039234375 0.0432444859375 0.2566176484375 0.0376889296875 0.190441178125 0.025597426562499997 0.1698529421875 0.0177542890625 0.1514705890625 0.0148131125 0.140441178125 0.014486315625000001
1 0.6484375 0.190625 0.6578125 0.153125 0.6515625 0.1125 0.63125 0.075 0.5546875 0.00625 0.534375 0.003125 0.4625 0.046875 0.4140625 0.0859375 0.41875 0.1 0.4375 0.11875 0.4671875 0.134375 0.46875 0.140625 0.4640625 0.1515625 0.4125 0.184375 0.4078125 0.1953125 0.409375 0.203125 0.4375 0.2296875 0.5234375 0.290625 0.546875 0.2859375 0.63125 0.2140625 0.6484375 0.190625
2 0.3890625 0.5890625 0.46015625 0.5890625 0.7390625 0.3921875 0.728125 0.3625 0.684375 0.315625 0.646875 0.2875 0.6109375 0.2734375 0.5078125 0.3328125 0.4796875 0.3359375 0.459375 0.328125 0.4671875 0.321875 0.415625 0.3296875 0.3890625 0.3636875 0.3890625 0.5890625
2 0.8546875 0.3140625 0.9328125 0.290625 0.946875 0.271875 0.946875 0.2375 0.928125 0.1984375 0.9078125 0.1796875 0.884375 0.184375 0.88125 0.19375 0.8390625 0.184375 0.8296875 0.1671875 0.8296875 0.1453125 0.8203125 0.1203125 0.765625 0.1203125 0.6578125 0.13125 0.6703125 0.303125 0.7328125 0.3765625 0.734375 0.3921875 0.725 0.4046875 0.7421875 0.409375 0.83125 0.40625 0.8484375 0.4 0.85625 0.3890625 0.8546875 0.3140625
2 0.07530048125 0.5890625 0.0671875 0.6359375 0.071875 0.7296875 0.0578125 0.775 0.05 0.7671875 0.05 0.7234375 0.0453125 0.7265625 0.0421875 0.796875 0.0546875 0.8046875 0 0.8099798390625 0 1 0.32648381249999997 1 0.359004046875 0.5890625 0.07530048125 0.5890625
0 0.171875 0.6859375 0.159375 0.19375
0 0.31953125 0.7328125 0.0734375 0.2875
2 0.696905940625 1 0.703125 0.6859375 0.69375 0.6453125 0.6671875 0.6109375 0.640625 0.596875 0.60625 0.5953125 0.575 0.6078125 0.55 0.6359375 0.5359375 0.6703125 0.528125 0.7296875 0.4328125 0.7484375 0.4296875 0.8546875 0.440625 0.925 0.4609375 0.9296875 0.5015625 0.925 0.50625 0.9375 0.5046875 0.98125 0.521875 0.9921875 0.55 0.990625 0.5535377359375 1 0.696905940625 1
0 0.61015625 0.93984375 0.2015625 0.1203125
0 0.6328125 0.72890625 0.09375 0.1796875