0 0.1734375 0.3015625 0.18828125 0.21484375
0 0.01484375 0.15234375 0.0296875 0.2953125
0 0.365625 0.1484375 0.028125 0.05625
2 1 0 0.6080033390625 0 0.7890625 0.34375 0.8359375 0.44375 0.8546875 0.453125 0.890625 0.4359375 0.940625 0.39375 1 0.328125 1 0.184375 0.9640625 0.1234375 0.965625 0.10625 0.99375 0.0890625 1 0.0823125 1 0
0 0.8625 0.275 0.21640625 0.246875
2 0.225 0.62578125 0.309375 0.3140625
0 0.17890625 0.59296875 0.1859375 0.0640625
2 0.3796875 0.46875 0.3796875 0.6715725812500001 0.8109375 0.859375 0.8796875 0.8859375 0.925 0.884375 0.9890625 0.8421875 1 0.828885134375 1 0.7140625 0.9796875 0.69375 1 0.6763392859375 1 0.6243303578124999 0.8375 0.5546875 0.8359375 0.5390625 0.8828125 0.4859375 0.8932477671874999 0.46875 0.3796875 0.46875
0 0.87890625 0.50078125 0.1015625 0.0640625
0 0.4078125 0.5578125 0.05625 0.178125
0 0.73203125 0.5640625 0.234375 0.1109375
0 0.85546875 0.80703125 0.284375 0.190625
0 0.9203125 0.65625 0.159375 0.165625