1 0.42109375 0.79375 0.378125 0.30703125
0 0.32578125 0.496875 0.08125 0.06171875
0 0.4515625 0.9078125 0.04140625 0.07890625
0 0.53203125 0.89765625 0.04296875 0.1078125
0 0.90859375 0.61484375 0.12578125 0.07421875
0 0.1359375 0.4953125 0.1703125 0.04375
0 0.58984375 0.8984375 0.028125 0.0765625
0 0.7375 0.66796875 0.07578125 0.0859375
0 0.5125 0.71796875 0.0875 0.04296875
0 0.53359375 0.42734375 0.12265625 0.0453125
0 0.5140625 0.509375 0.17734375 0.04609375
0 0.296875 0.77109375 0.13359375 0.05546875
2 0.321875 0.4328125 0.55390625 0.26484375
0 0.115625 0.42578125 0.09296875 0.028125
0 0.36015625 0.42109375 0.1109375 0.053125
0 0.521875 0.4578125 0.16640625 0.071875
0 0.27109375 0.7 0.07265625 0.02109375
2 0.78125 0.57578125 0.37578125 0.29375
1 0.6078125 0.22578125 0.2890625 0.28828125
0 0.1171875 0.5546875 0.0859375 0.021875
0 0.3609375 0.4265625 0.34140625 0.10546875
0 0.7078125 0.48828125 0.10859375 0.08125