1 0.1623811828125 0 0.167616421875 0.023672385937500002 0.1744791671875 0.0432802296875 0.1776654421875 0.0573325171875 0.18379289375000002 0.0769403578125 0.187714459375 0.0936070265625 0.187714459375 0.097201796875 0.186243871875 0.10079656875000001 0.180851715625 0.1063521234375 0.17129289375 0.109620096875 0.16026347968750002 0.11811683125000001 0.1416360296875 0.124652778125 0.120802696875 0.1360906859375 0.09629289375 0.145567809375 0.09212622499999999 0.1494893796875 0.0867340703125 0.1609272859375 0.086488971875 0.16811683125000002 0.0916360296875 0.20145016249999997 0.098008578125 0.22497957500000001 0.110998775 0.2870710765625 0.12276347968750001 0.329881534375 0.1306066171875 0.34752859375 0.13305759687500002 0.369097221875 0.13844975625 0.38086192812499997 0.143446021875 0.3859375 0.1438468671875 0.3859375 0.1526654421875 0.38053513125 0.1742340703125 0.37432598125 0.19286152031249998 0.3641952609375 0.21712622499999998 0.35471813750000003 0.228400734375 0.3468749984375 0.24800857812500002 0.3387050640625 0.261243871875 0.3295547390625 0.2840379890625 0.319097221875 0.29433210781249997 0.31092728593749996 0.3100183828125 0.301123365625 0.3276654421875 0.2844567 0.340900734375 0.268443628125 0.352910540625 0.251123365625 0.3619791671875 0.2331495109375 0.3703125 0.212888071875 0.37815563750000003 0.1808619265625 0.3828125 0.1494893796875 0.3828125 0.0869076734375 0.3818321078125 0.0772671578125 0.3717830875 0.03674428125 0.3597402234375 0 0.1623811828125 0
0 0.165625 0.228125 0.102734375 0.055859375
0 0.1453125 0.1609375 0.091015625 0.06328125
0 0.1640625 0.2984375 0.08984375 0.077734375
0 0.35078125 0.15390625 0.041796875 0.141796875
0 0.87421875 0.48515625 0.101171875 0.090625
0 0.76015625 0.6265625 0.0390625 0.046875
0 0.81875 0.2734375 0.04140625 0.08203125
0 0.6140625 0.3625 0.04296875 0.05859375
2 0.76015625 0.40234375 0.353125 0.3671875
2 0.7109375 0.609375 0.278125 0.08125
0 0.64609375 0.2890625 0.0609375 0.05
2 1 1 1 0.65 0.8 0.65 0.79375 0.665625 0.7890625 0.7390625 0.784375 0.74375 0.7515625 0.740625 0.7171875 0.7578125 0.7078125 0.76875 0.6796875 0.8421875 0.659375 0.975 0.665625 0.9921875 0.6734375 1 1 1