0 0.23671875 0.06484375 0.053125 0.04375
2 0.31796875 0.0734375 0.3234375 0.146875
0 0.44765625 0.01640625 0.0359375 0.0328125
0 0.453125 0.2625 0.04921875 0.062109375
1 0.5 0.257390578125 0.499463846875 0.2566227546875 0.49358149375 0.24485804843749998 0.4845128671875 0.237995303125 0.48255208281249995 0.2383220984375 0.4720128671875 0.24845281875 0.4663756125 0.2562959546875 0.4592677703125 0.260544321875 0.45657169218749993 0.2647926875 0.45387561249999997 0.2644658921875 0.453630515625 0.25335477968750003 0.4595128671875 0.23766850625 0.4592677703125 0.230152165625 0.456816790625 0.22492340781250003 0.45387561249999997 0.22198222968749998 0.4470128671875 0.21969465000000002 0.4389246328125 0.21969465000000002 0.42593443750000004 0.22525020312500002 0.4195618875 0.2294985703125 0.412208946875 0.237995303125 0.40314031874999995 0.24551164375 0.3879442390625 0.2657730796875 0.3754442390625 0.287995303125 0.36784620156250003 0.2977992234375 0.3634344375 0.3066227546875 0.3580422796875 0.3134854984375 0.354120709375 0.321655434375 0.3472579640625 0.33047896250000003 0.3379442390625 0.3471456296875 0.33108149375 0.3670802703125 0.3299783625 0.3796875 0.5 0.3796875 0.5 0.3747129046875 0.4952971828125 0.37100183750000004 0.49358149375 0.36773386406249997 0.49382659218749997 0.3634854984375 0.5 0.3498723453125 0.5 0.257390578125
2 1 0 0.5771634609375 0 0.56875 0.021875 0.5296875 0.028125 0.521875 0.034375 0.515625 0.0484375 0.515625 0.0796875 0.528125 0.1046875 0.5453125 0.1140625 0.6453125 0.1421875 0.6296875 0.2265625 0.65 0.2828125 0.6796875 0.315625 0.721875 0.340625 0.740625 0.3453125 0.775 0.346875 0.8046875 0.3390625 0.8265625 0.3109375 0.859375 0.2140625 1 0.2529017859375 1 0
0 0.6125 0.05390625 0.19375 0.1078125
0 0.92734375 0.134375 0.1453125 0.26875
2 0.0116865328125 0.3796875 0 0.5857954546874999 0 0.834659090625 0.0046875 0.8453125 0.0328125 0.865625 0.075 0.884375 0.1234375 0.8875 0.16875 0.8765625 0.1953125 0.85625 0.209375 0.8203125 0.215625 0.7546875 0.2359375 0.659375 0.2359375 0.634375 0.2296875 0.6203125 0.2328125 0.6015625 0.3140625 0.5671875 0.3359375 0.5515625 0.35 0.515625 0.35625 0.4609375 0.34375 0.4 0.33359375 0.3796875 0.0116865328125 0.3796875
0 0.04765625 0.74609375 0.0890625 0.2390625
0 0.2171875 0.70078125 0.040625 0.2234375
0 0.134375 0.53359375 0.184375 0.3078125
2 0.7734925171875 0.3796875 0.5 0.5037639781250001 0.5 0.8598697921875 0.5765625 0.8203125 0.6359375 0.796875 0.65 0.8171875 0.6796875 0.93125 0.7015625 0.940625 0.79375 0.90625 0.859375 0.865625 0.86875 0.8515625 0.86875 0.83125 0.8359375 0.7125 0.840625 0.6984375 0.990625 0.625 1 0.6078125 0.9859375 0.503125 0.953125 0.3828125 0.9517736484375 0.3796875 0.7734925171875 0.3796875