1 1 0.5943627453125 0.9627450984375001 0.5661764703125 0.9496732031249999 0.559803921875 0.9408496734374999 0.55392156875 0.9271241828125 0.548774509375 0.9130718953124999 0.5450980390625 0.8986928109375001 0.5477941171875 0.8830065359375 0.553431371875 0.8748366015625001 0.559068628125 0.8591503265625 0.5661764703125 0.8516339875 0.5718137249999999 0.8437908500000001 0.5752450984374999 0.835620915625 0.5828431375 0.8254901953125 0.5838235296875001 0.8199346406249999 0.5816176468750001 0.8166666671874999 0.5779411765625 0.8088235296875 0.5725490203125 0.8026143796874999 0.565686275 0.7947712421875 0.5600490203125 0.787908496875 0.5522058828125 0.7807189546875 0.547303921875 0.7735294125000001 0.5392156859375 0.762091503125 0.5311274515625 0.75849673125 0.53039215625 0.7490196078125 0.5360294125 0.7330065359375 0.5419117640625 0.713725490625 0.5509803921875001 0.6954248359374999 0.56323529375 0.6673202609375 0.57573529375 0.6526143796875 0.5857843140625 0.635620915625 0.593382353125 0.6326797390625 0.5963235296875 0.63039215625 0.6058823531249999 0.6313725484375 0.609313725 0.645751634375 0.6181372546875 0.6516339875 0.6259803921875 0.6591503265624999 0.6318627453125 0.6640522875 0.6384803921875 0.6725490203125 0.644852940625 0.6761437906250001 0.6502450984375 0.6830065359375 0.6563725484375 0.6888888890625 0.6649509796874999 0.69607843125 0.671568628125 0.7009803921875 0.6779411765625001 0.7094771234375 0.684068628125 0.7150326796875001 0.690931371875 0.7245098046875 0.698774509375 0.74444444375 0.71176470625 0.7826797390625 0.723774509375 0.8 0.726960784375 0.827777778125 0.728186275 0.846405228125 0.7272058828125 0.8571895421875 0.7254901953124999 0.8986928109375001 0.7127450984375 0.9088235296875 0.7066176468750001 0.9209150328125 0.701225490625 0.9274509796875 0.696568628125 0.9434640515625 0.690196078125 0.955882353125 0.681617646875 0.9676470593750001 0.6764705875 0.9767973859374999 0.669117646875 0.9928104578125 0.6622549015625 1 0.6575980390625 1 0.5943627453125
2 0.21484375 0.64140625 0.421875 0.21640625
0 0.775 0.690625 0.075 0.03984375
0 0.36640625 0.60078125 0.09921875 0.0453125
2 0.60390625 0.39296875 0.3 0.2046875
0 0.22578125 0.71328125 0.0359375 0.071875
0 0.06171875 0.62265625 0.11484375 0.0421875
0 0.51015625 0.40859375 0.08203125 0.0390625
1 0.22890625 0.40078125 0.27109375 0.15625
0 0.66484375 0.3265625 0.05546875 0.04296875
0 0.37421875 0.5515625 0.046875 0.01640625
0 0.7359375 0.5828125 0.06953125 0.06328125
0 0.66484375 0.43203125 0.08671875 0.0734375
2 0.8828125 0.02109375 0.234375 0.0375
0 0.2875 0.396875 0.10390625 0.053125
0 0.95078125 0.63359375 0.0984375 0.0578125