0 0.35234375 0.0671875 0.0328125 0.084375
0 0.1171875 0.4640625 0.084375 0.09140625
1 0.3119931234375 0.6 0.31363357812500003 0.5932138484375 0.31951593125 0.5579197296875 0.321875 0.5356770875 0.321875 0.5068768593749999 0.3178002453125 0.4896190765625 0.314368871875 0.4821027375 0.305790440625 0.468377246875 0.2920649515625 0.45367136406249997 0.2869178921875 0.44974979531250003 0.2673100484375 0.4412530640625 0.2513786765625 0.43079554687500005 0.23569240156250001 0.424586396875 0.226868871875 0.4173968546875 0.20677083281250003 0.408246528125 0.19623161718749998 0.40007659375 0.17956495156250002 0.3919066578125 0.1687806375 0.3837367234375 0.151868871875 0.3775275734375 0.14034926406249998 0.37654718125 0.13128063750000002 0.38144914218750003 0.126868871875 0.3866779 0.11951593125 0.398115809375 0.11387867656249999 0.410534109375 0.1104473046875 0.4157628671875 0.10235906875 0.43537071093749996 0.089123775 0.47393280156250006 0.083241421875 0.506612540625 0.0817708328125 0.5236060046875 0.083976715625 0.5419066578125 0.08887867656250001 0.54844260625 0.09917279375 0.558246528125 0.11681985312500001 0.5670700578125001 0.132506128125 0.5775275734374999 0.1553002453125 0.5870046984374999 0.16020220624999998 0.5909262656250001 0.161427696875 0.5945210375000001 0.1618012625 0.6 0.3119931234375 0.6
2 0.9015234375000001 0.6 0.9234375 0.5484375 0.9234375 0.50625 0.965625 0.4390625 0.9703125 0.3625 0.95625 0.315625 0.93125 0.2734375 0.93125 0.1 0.915625 0.0515625 0.88125 0.034375 0.8375 0.03125 0.8265625 0.0375 0.821875 0.05625 0.8109375 0.0640625 0.753125 0.0609375 0.7109375 0.0515625 0.6984375 0.0234375 0.6796875 0.01875 0.65625 0.028125 0.6359375 0.0484375 0.6375 0.0890625 0.621875 0.1359375 0.6265625 0.16875 0.621875 0.2234375 0.625 0.321875 0.6134852703125 0.6 0.9015234375000001 0.6
0 0.721875 0.1765625 0.06875 0.23671875
0 0.82578125 0.4625 0.1453125 0.275
0 0.77265625 0.05546875 0.2296875 0.1109375
0 0.09921875 0.8859375 0.1984375 0.059375
0 0.14921875 0.8 0.0765625 0.03203125
1 0 1 0.11137152343750001 1 0.1322048609375 0.994791665625 0.20257523281249998 0.987847221875 0.2090567140625 0.9850694437499999 0.2125 0.9702202718749999 0.2125 0.967197359375 0.20257523281249998 0.8947916656249999 0.194241896875 0.8885416656249999 0.16739004531249999 0.887847221875 0.15998263906250001 0.88506944375 0.15998263906250001 0.8822916656249999 0.186834490625 0.8663194437499999 0.193315971875 0.859375 0.1831307859375 0.8065972218749999 0.1729456015625 0.77881944375 0.16739004531249999 0.776041665625 0.1516493046875 0.776041665625 0.0072048609375 0.7927083328125 0 0.793963725 0 1
2 0.6183270296875 0.6 0.603125 0.9671875 0.618817934375 1 0.8614488640625 1 0.8703125 0.91875 0.8890625 0.8421875 0.8953125 0.765625 0.921875 0.703125 0.921875 0.6609375 0.96013808125 0.6 0.6183270296875 0.6
0 0.709375 0.86796875 0.084375 0.2640625
0 0.82421875 0.70234375 0.1453125 0.2046875