0 0.01328125 0.0765625 0.0265625 0.06875
0 0.009375 0.09296875 0.01875 0.0296875
0 0.6421875 0.5921875 0.66875 0.584375 0.709375 0.5453125 0.7109375 0.4921875 0.6875 0.53125 0.6453125 0.578125 0.6421875 0.5921875
0 0.471875 0.1078125 0.465625 0.103125 0.4515625 0.11875 0.434375 0.15625 0.4375 0.21875 0.4578125 0.2671875 0.4796875 0.296875 0.50625 0.3078125 0.5546875 0.3109375 0.5765625 0.3046875 0.59375 0.275 0.5953125 0.215625 0.5640625 0.1984375 0.5171875 0.1921875 0.496875 0.146875 0.4796875 0.140625 0.471875 0.1078125
0 0.459375 0.3796875 0.4625 0.3671875 0.4765625 0.353125 0.4828125 0.321875 0.4828125 0.3078125 0.4609375 0.2859375 0.4484375 0.29375 0.44375 0.3046875 0.434375 0.396875 0.403125 0.4953125 0.409375 0.5109375 0.4203125 0.51875 0.4375 0.5125 0.4546875 0.496875 0.459375 0.3796875
0 0.6109375 0.4265625 0.5890625 0.4171875 0.5828125 0.4203125 0.578125 0.4375 0.5828125 0.5375 0.59375 0.609375 0.61875 0.628125 0.6328125 0.6171875 0.6359375 0.5921875 0.63125 0.5484375 0.6203125 0.53125 0.6109375 0.4515625 0.615625 0.446875 0.6265625 0.4640625 0.634375 0.4296875 0.6265625 0.41875 0.6109375 0.4265625
0 0.671875 0.175 0.6390625 0.1421875 0.6328125 0.1125 0.6078125 0.065625 0.5765625 0.040625 0.5171875 0.0390625 0.48125 0.05625 0.4796875 0.11875 0.4875 0.140625 0.5046875 0.15625 0.5171875 0.190625 0.5265625 0.1953125 0.54375 0.184375 0.5625 0.184375 0.615625 0.2 0.6546875 0.225 0.7296875 0.30625 0.7421875 0.3109375 0.74375 0.29375 0.721875 0.24375 0.671875 0.175
0 0.434375 0.2 0.428125 0.178125 0.4234375 0.178125 0.39375 0.24375 0.390625 0.321875 0.3953125 0.3265625 0.4109375 0.3203125 0.4265625 0.3234375 0.4328125 0.315625 0.428125 0.3015625 0.4140625 0.2984375 0.4359375 0.259375 0.434375 0.2
2 0.31875 1 0.31875 0.7739583328124999 0.30625 0.76875 0.2796875 0.7453125 0.2453125 0.7375 0.234375 0.7453125 0.2265625 0.775 0.1875 0.84375 0.159375 0.859375 0.16875 0.8734375 0.125 0.8921875 0.0890625 0.9390625 0.08125 0.9640625 0.0840144234375 1 0.31875 1
0 0.28828125 0.88984375 0.0609375 0.2046875
0 0.2 0.94609375 0.159375 0.1078125