0 0.46328125 0.30546875 0.11484375 0.053125
2 0.39140625 0.28203125 0.2953125 0.2625
0 0.65390625 0.97265625 0.0484375 0.05234375
0 0.72109375 0.971875 0.02578125 0.0515625
0 0.60546875 0.703125 0.07734375 0.10546875
2 0.57734375 0.81796875 0.33359375 0.35546875
0 0.14296875 0.51875 0.0546875 0.09296875
0 0.38828125 0.2 0.05 0.06328125
0 0.29453125 0.340625 0.071875 0.0921875
1 0.775 0.5703125 0.4125 0.21796875
0 0.92109375 0.621875 0.0453125 0.05859375
0 0.47734375 0.84375 0.1171875 0.03515625
1 0.1390625 0.48203125 0.27734375 0.1734375
0 0.6265625 0.540625 0.22578125 0.06484375