0 0.8390625 0.47734375 0.134375 0.06796875
0 0.50703125 0.66875 0.12734375 0.059375
0 0.68671875 0.60546875 0.05234375 0.078125
0 0.7640625 0.31875 0.05703125 0.0625
0 0.4921875 0.3859375 0.05625 0.04296875
1 0.2046875 0.62890625 0.34296875 0.24765625
1 0.5734375 0.8734375 0.3265625 0.203125
0 0.715625 0.765625 0.13359375 0.0546875
2 0.6859375 0.415625 0.47109375 0.27578125
2 0.6203125 0.6578125 0.37109375 0.23515625
0 0.10546875 0.54140625 0.040625 0.0765625
0 0.534375 0.33046875 0.08125 0.0375
0 0.27734375 0.7140625 0.16484375 0.05234375