1 0.25625 0.19140625 0.384375 0.3828125
0 0.53984375 0.0125 0.0546875 0.025
2 0.64921875 0.290625 0.2390625 0.2375
0 0.61796875 0.10859375 0.053125 0.1125
0 0.6828125 0.3484375 0.0234375 0.03671875
2 0.58515625 0.11484375 0.1703125 0.2296875
0 0.69296875 0.39921875 0.0265625 0.0203125
0 0.74921875 0.27578125 0.02890625 0.03515625
0 0.6078125 0.175 0.0375 0.04140625
0 0.6296875 0.365625 0.040625 0.06484375
0 0.58828125 0.375 0.0859375 0.06875
2 0.5 0.409375 0.2346706078125 0.409375 0.2328125 0.478125 0.221875 0.4921875 0.0453125 0.49375 0.034375 0.5015625 0.0140625 0.5375 0 0.6 0.003125 0.68125 0.0203125 0.71875 0.0609375 0.725 0.4578125 0.7296875 0.5 0.7312695312499999 0.5 0.409375
2 0.6523777171875 0.409375 0.5 0.49087936093749995 0.5 0.7981770828125001 0.546875 0.8046875 0.6171875 0.75625 0.63125 0.7546875 0.6515625 0.8109375 0.6625 0.825 0.7296875 0.8421875 0.7984375 0.8234375 0.8375 0.7859375 0.8546875 0.759375 0.85625 0.728125 0.828125 0.6359375 0.83125 0.6234375 0.9296875 0.5734375 0.9703125 0.54375 0.9640625 0.5078125 0.932454128125 0.409375 0.6523777171875 0.409375