0 0.2484375 0.51328125 0.2 0.048046875
1 0.509375 0.06707465312500001 0.4945312515625 0.071527778125 0.3954571765625 0.1111111109375 0.393605325 0.20416666718749998 0.403790509375 0.2236111109375 0.418605325 0.2416666671875 0.4334201390625 0.258333334375 0.44360532499999994 0.26180555625 0.46304976875000003 0.2576388890625 0.509375 0.240266928125 0.509375 0.06707465312500001
1 0 0.709375 0.1946163015625 0.709375 0.1855324078125 0.6611979171875 0.17534722187500001 0.6341145828125 0.178125 0.6264756953124999 0.2151620375 0.6153645828125 0.3262731484375 0.6000868046875001 0.3359375 0.59415640625 0.3359375 0.587754221875 0.3299768515625 0.5181423609375 0.32071759218749996 0.5063368046875001 0.2957175921875 0.4938368046875 0.313310184375 0.48897569374999994 0.31979166718749996 0.48203125 0.31979166718749996 0.46605902656250003 0.3114583328125 0.429947915625 0.30034722187499996 0.398697915625 0.2947916671875 0.39453125 0.2864583328125 0.39453125 0.11516203750000001 0.41258680468750003 0.0401620375 0.42647569374999994 0.000347221875 0.439670140625 0 0.4398368078125 0 0.709375
2 1 0.709375 1 0 0.8472355765625 0 0.8390625 0.10625 0.825 0.2 0.8109375 0.20625 0.7171875 0.2078125 0.696875 0.2234375 0.6875 0.278125 0.6890625 0.3953125 0.6953125 0.4359375 0.7109375 0.4734375 0.7796875 0.471875 0.7984375 0.478125 0.7890625 0.653125 0.80625 0.6890625 0.8328125 0.696875 0.8453125 0.709375 1 0.709375
0 1 0.5375 0.9859375 0.5546875 0.9796875 0.6015625 0.9671875 0.63125 0.9566706734375 0.709375 0.9833639703125 0.709375 0.984375 0.6921875 0.99375 0.678125 0.9921875 0.6546875 1 0.6068359375 1 0.5375
0 0.9171875 0.23671875 0.11875 0.4734375
0 0.98125 0.60546875 0.0375 0.2078125
0 0.8109375 0.584375 0.0875 0.25
0 0.8870645484375 0 0.8796875 0.075 0.8890625 0.096875 0.8921875 0.1484375 0.9015625 0.1609375 0.915625 0.15 0.9640625 0.0828125 0.98125 0.0484375 0.98125 0.0265625 0.975 0.015625 0.946875 0.0109375 0.925 0 0.8870645484375 0
0 0.834375 0.69375 0.8328125 0.5640625 0.8265625 0.5171875 0.815625 0.4953125 0.815625 0.4796875 0.8078125 0.4765625 0.8 0.496875 0.7921875 0.646875 0.8078125 0.6859375 0.834375 0.69375
2 0.015301723437500001 0.709375 0.015625 0.7140625 0.0421875 0.7796875 0.084375 0.834375 0.0984375 0.84375 0.115625 0.8453125 0.1453125 0.828125 0.19375 0.771875 0.2125 0.7671875 0.25 0.796875 0.334375 0.8828125 0.359375 0.8859375 0.375 0.8796875 0.428125 0.815625 0.4578125 0.7515625 0.4689144734375 0.709375 0.015301723437500001 0.709375
0 0.5796875 0.8625 0.140625 0.18125