2 0.21484375 0.69375 0.41953125 0.48984375
0 0.19921875 0.68125 0.0640625 0.06640625
0 0.0859375 0.5046875 0.06484375 0.05703125
0 0.20703125 0.82734375 0.1078125 0.115625
0 0.36171875 0.63125 0.12890625 0.071875
0 0.984375 0.5875 0.03125 0.05390625
2 0.8390625 0.53515625 0.32109375 0.1953125
1 0.8453125 0.91640625 0.2828125 0.1671875
0 0.3578125 0.5765625 0.09609375 0.0578125
0 0.05234375 0.7078125 0.10390625 0.153125
0 0.9453125 0.9359375 0.084375 0.103125
0 0.7546875 0.98046875 0.090625 0.0390625
0 0.8390625 0.6203125 0.065625 0.01953125