2 0.26875 0.039459325 0 0.073586309375 0 0.30772058750000003 0.1578125 0.2984375 0.1875 0.3953125 0.1953125 0.4046875 0.2265625 0.41875 0.26875 0.41953125 0.26875 0.039459325
0 0.1953125 0.26796875 0.146875 0.0515625
0 0.06171875 0.1625 0.1234375 0.11875
0 0.05390625 0.2828125 0.1078125 0.071875
0 0.1953125 0.26796875 0.146875 0.0515625
2 0.595849609375 0 0.5921875 0.0046875 0.571875 0.0609375 0.709375 0.3359375 0.803125 0.50625 0.834375 0.5765625 0.8484375 0.5796875 0.8875 0.5578125 0.9453125 0.509375 0.984375 0.4671875 1 0.4455141125 1 0.32218070625 0.9578125 0.2515625 0.9609375 0.2375 0.978125 0.228125 1 0.204838709375 1 0.0388888890625 0.96818181875 0 0.91571180625 0 0.8484375 0.0484375 0.8203125 0 0.595849609375 0
0 0.8578125 0.40390625 0.1875 0.225
2 0 0.5796875 0 0.9549278843749999 0.0046875 0.9609375 0.015625 0.9703125 0.03125 0.96875 0.1078125 0.8640625 0.1390625 0.8015625 0.1359375 0.7875 0.1125 0.7546875 0.075 0.7140625 0.071875 0.6953125 0.15 0.5890625 0.1541666671875 0.5796875 0 0.5796875
2 0.385821759375 0.5796875 0.3875 0.625 0.4078125 0.6328125 0.5578125 0.6171875 0.5640625 0.621875 0.5734375 0.725 0.5828125 0.7484375 0.6171875 0.7625 0.6875 0.7640625 0.734375 0.7484375 0.7578125 0.725 0.759375 0.59375 0.8890625 0.5828125 0.8953125 0.5796875 0.385821759375 0.5796875
0 0.46171875 0.6046875 0.2078125 0.05
0 0.8453125 0.6046875 0.1625 0.05