0 0.39296875 0.0515625 0.0734375 0.103125
0 0.24296875 0.14140625 0.1453125 0.0734375
2 0.3515625 0.13046875 0.375 0.2609375
0 0.25703125 0.25078125 0.0796875 0.0640625
0 0.50703125 0.02109375 0.0640625 0.0421875
2 0.39296875 0.07109375 0.2140625 0.1421875
0 0.37890625 0.08359375 0.3203125 0.1671875
0 0.184375 0.078125 0.075 0.04375
2 1 0.5296875 1 0.234375 0.675 0.1625 0.6390625 0.1609375 0.6078125 0.1765625 0.571875 0.209375 0.5390625 0.27626201875 0.5390625 0.50420673125 0.5421875 0.5203125 0.5473958328124999 0.5296875 1 0.5296875
0 0.60703125 0.3765625 0.1359375 0.18125
2 0.42125 1 0.434375 0.978125 0.4328125 0.9625 0.33125 0.84375 0.334375 0.83125 0.39375 0.746875 0.39375 0.7109375 0.3453125 0.6375 0.2984375 0.59375 0.28125 0.5859375 0.265625 0.5875 0.20625 0.671875 0.190625 0.6796875 0.0953125 0.56875 0.071875 0.5640625 0.03125 0.5953125 0 0.63515625 0 0.8684931499999999 0.11162790625 1 0.42125 1
2 0.5671875 0.5296875 0.5625 0.534375 0.540625 0.56875 0.59375 0.6859375 0.584375 0.715625 0.5546875 0.7328125 0.5390625 0.7307291671874999 0.5390625 0.8283203125 0.628125 0.8765625 0.6 0.9375 0.5953125 0.9875 0.598090278125 1 1 1 1 0.7109964625 0.7109375 0.559375 0.6890625 0.5546875 0.6611213234375001 0.5296875 0.5671875 0.5296875
0 0.63046875 0.678125 0.1828125 0.259375
0 0.94921875 0.76796875 0.1015625 0.1921875
0 0.89140625 0.9328125 0.2171875 0.134375