0 0.02421875 0.27109375 0.0484375 0.0859375
0 0.2109375 0.1765625 0.025390625 0.078515625
1 0.19921875 0.10859375 0.1796875 0.2171875
0 0.0984375 0.3953125 0.053125 0.109375
2 0.07578125 0.225 0.1515625 0.45
0 0.2796875 0.03828125 0.025 0.046875
0 0.07109375 0.21953125 0.04375 0.080078125
2 0.7268792234375001 0 0.46875 0.1463721265625 0.46875 0.45 0.47510080625000006 0.45 0.5015625 0.4265625 0.534375 0.4078125 0.5578125 0.4171875 0.565625 0.45 0.76171875 0.45 0.771875 0.4296875 0.771875 0.409375 0.74375 0.303125 0.83125 0.25625 0.8828125 0.21875 0.8734375 0.16875 0.821875 0.009375 0.817908653125 0 0.7268792234375001 0
2 0 0.8402573531249999 0.0296875 0.8140625 0.0453125 0.8140625 0.0703125 0.8375 0.1015625 0.8484375 0.1453125 0.8375 0.16875 0.821875 0.1984375 0.7875 0.2078125 0.75625 0.184375 0.7296875 0.1546875 0.7140625 0.1515625 0.7046875 0.2015625 0.6625 0.203125 0.64375 0.134375 0.5890625 0.096875 0.571875 0.08125 0.571875 0 0.6376233546875 0 0.8402573531249999
1 0.7609375 0.5546875 0.690625 0.5296875 0.640625 0.528125 0.584375 0.5421875 0.5234375 0.5796875 0.4921875 0.6171875 0.4828125 0.640625 0.4875 0.6578125 0.50625 0.6765625 0.5828125 0.7296875 0.596875 0.7328125 0.646875 0.721875 0.684375 0.721875 0.75625 0.7328125 0.859375 0.6453125 0.8625 0.6328125 0.8578125 0.628125 0.7609375 0.5546875
1 0.7671875 0.9109375 0.834375 0.8671875 0.878125 0.8234375 0.8171875 0.765625 0.7609375 0.734375 0.7015625 0.71875 0.65 0.71875 0.615625 0.725 0.575 0.7421875 0.478125 0.8125 0.475 0.8203125 0.6140625 0.915625 0.6328125 0.9109375 0.68125 0.86875 0.69375 0.8703125 0.7484375 0.909375 0.7671875 0.9109375
1 0.8897321421874999 1 0.890625 0.99375 0.884375 0.9859375 0.8203125 0.9390625 0.775 0.9171875 0.728125 0.9046875 0.671875 0.903125 0.625 0.9125 0.5828125 0.93125 0.4954427078125 1 0.8897321421874999 1