1 0.09921875 0.23515625 0.1984375 0.2296875
0 0.0125 0.25546875 0.022265625 0.0328125
0 0.16015625 0.1765625 0.04375 0.071484375
0 0.11328125 0.328125 0.0953125 0.04375
2 0.51875 0.35 0.1585602421875 0.35 0 0.9828125 0.0046875 0.996875 0.03125 1 0.24315257343750002 1 0.2890625 0.9578125 0.34375 0.9765625 0.35 0.9828125 0.3477083328125 1 0.40460526249999995 1 0.4125 0.98125 0.4453125 0.8203125 0.4578125 0.803125 0.4859375 0.8015625 0.51875 0.8073046875 0.51875 0.5447115390625 0.515625 0.54375 0.51875 0.5375 0.51875 0.35
0 0.2578125 0.35 0.20625 0.453125 0.20625 0.4703125 0.2359375 0.471875 0.278125 0.4578125 0.2890625 0.4484375 0.30625 0.4109375 0.328125 0.3921875 0.3304054046875 0.35 0.2578125 0.35
0 0.23753810937500003 0.35 0.2265625 0.375 0.2046875 0.4421875 0.20625 0.4734375 0.2640292546875 0.35 0.23753810937500003 0.35
0 0.00625 0.9875 0.0171875 0.9984375 0.040625 0.9984375 0.0546875 0.978125 0.125 0.7859375 0.11875 0.771875 0.071875 0.871875 0.046875 0.909375 0.0421875 0.934375 0.03125 0.9453125 0.0203125 0.9390625 0.015625 0.94375 0.00625 0.9875
0 0.3958451703125 1 0.403125 0.871875 0.396875 0.8296875 0.4046875 0.796875 0.40625 0.71875 0.396875 0.6828125 0.3734375 0.6515625 0.35625 0.6421875 0.3421875 0.6546875 0.3421875 0.6984375 0.321875 0.7234375 0.325 0.7703125 0.3375 0.79375 0.346875 0.846875 0.3421875 0.85625 0.3453125 0.8890625 0.3359375 0.909375 0.3328125 0.9375 0.3203125 0.9515625 0.3515625 0.98125 0.34761513125 1 0.3958451703125 1
0 0.3421875 1 0.353125 0.9890625 0.3609375 0.9578125 0.3484375 0.925 0.340625 0.9171875 0.321875 0.915625 0.25625 0.9609375 0.246875 0.9921875 0.3109375 0.996875 0.3192708328125 1 0.3421875 1
2 0.51875 0.35 0.51875 0.4009321734375 0.7046875 0.5203125 0.7328125 0.5109375 0.8078125 0.446875 0.8140625 0.4328125 0.8125 0.415625 0.75625 0.3765625 0.759375 0.3640625 0.7734375 0.359375 0.7833639703124999 0.35 0.51875 0.35
2 1 0.493402778125 0.9671875 0.48125 0.98125 0.459375 0.9859375 0.421875 0.9640625 0.4015625 0.9140625 0.3875 0.85 0.3859375 0.8296875 0.390625 0.81875 0.4078125 0.75625 0.646875 0.7875 0.6609375 0.9109375 0.6765625 0.921875 0.6671875 0.9375 0.6171875 0.9984375 0.628125 1 0.627777778125 1 0.493402778125
1 0.8202280406250001 1 0.8015625 0.959375 0.775 0.934375 0.746875 0.91875 0.7015625 0.90625 0.653125 0.903125 0.5515625 0.915625 0.5296875 0.925 0.5234375 0.959375 0.525 1 0.8202280406250001 1
1 1 0.7859375 0.9796875 0.765625 0.9390625 0.74375 0.8484375 0.7296875 0.7796875 0.7328125 0.7671875 0.740625 0.7625 0.8109375 0.76875 0.859375 0.778125 0.8671875 0.85625 0.865625 0.8609375 0.8703125 0.859375 0.921875 0.875 0.934375 0.9671875 0.940625 1 0.935498046875 1 0.7859375