0 0.16640625 0.63203125 0.05625 0.03515625
0 0.66796875 0.54140625 0.021875 0.05390625
2 0.19609375 0.63515625 0.365625 0.27734375
0 0.196875 0.71875 0.06640625 0.0890625
0 0.59296875 0.53359375 0.0484375 0.0734375
0 0.2609375 0.71796875 0.05859375 0.040625
1 0.525 0.38125 0.31484375 0.3625
0 0.50234375 0.659375 0.08828125 0.03515625
0 0.43203125 0.39296875 0.10703125 0.0296875
0 0.328125 0.8265625 0.10546875 0.1140625
0 0.59140625 0.2546875 0.09140625 0.10390625
0 0.0484375 0.646875 0.096875 0.06171875
1 0.86484375 0.62265625 0.26953125 0.265625
0 0.6453125 0.7671875 0.11640625 0.07890625
1 0.47265625 0.77109375 0.48203125 0.27421875
0 0.31953125 0.5765625 0.05859375 0.02734375
0 0.33984375 0.57578125 0.0484375 0.03515625