2 0.053125 0.32734375 0.10625 0.1640625
2 0.3828125 0.09296875 0.321875 0.1859375
0 0.38984375 0.02734375 0.0421875 0.0546875
0 0.28984375 0.13984375 0.054296875 0.034375
1 0.45703125 0.35625 0.1890625 0.10625
0 0.49296875 0.02265625 0.0953125 0.0453125
0 0.0734375 0.37265625 0.046875 0.0734375
0 0.26015625 0.02109375 0.058203125 0.03125
0 0.01171875 0.28359375 0.0234375 0.0328125
0 0.51484375 0.028125 0.038671875 0.028515625
0 0.28671875 0.14296875 0.065625 0.058203125
0 0.290625 0.065625 0.100390625 0.040625
2 1 0 0.6390625 0 0.6390625 0.3613636359375 0.6859375 0.3578125 0.7089760640625 0.409375 0.947549715625 0.409375 0.959375 0.3515625 0.9734375 0.3359375 1 0.33365066250000003 1 0
2 0.2754127359375 0.409375 0.1265625 0.5640625 0.0671875 0.6359375 0.0625 0.690625 0.0734375 0.725 0.10625 0.7703125 0.1375 0.7953125 0.171875 0.7953125 0.2203125 0.746875 0.2375 0.7796875 0.2515625 0.7890625 0.28125 0.7984375 0.3171875 0.7984375 0.3546875 0.7734375 0.3796875 0.7453125 0.3828125 0.7109375 0.375 0.634375 0.3796875 0.6 0.4609375 0.5171875 0.4734375 0.4890625 0.4578125 0.43125 0.4464699078125 0.409375 0.2754127359375 0.409375
2 1 0.409375 0.7554822203125 0.409375 0.64375 0.51875 0.646875 0.5453125 0.671875 0.590625 0.7515625 0.728125 0.7796875 0.7625 0.8109375 0.7484375 0.90625 0.6453125 0.921875 0.65 0.9765625 0.7484375 0.996875 0.7484375 1 0.74603924375 1 0.409375