0 0 0.2961115109375 0.0043504890625 0.29838133125 0.0286151953125 0.3055708734375 0.04920343125 0.3029564953125 0.0577818625 0.30459048125 0.081966734375 0.3125 0.088502653125 0.3125 0.0994485296875 0.30753165781249997 0.10337009687500001 0.304263684375 0.10631127343749999 0.298708128125 0.1125 0.2797599328125 0.1125 0.2622429890625 0.11170343125 0.260472834375 0.0903799015625 0.256551265625 0.059497548437500006 0.24674734531250003 0.0560661765625 0.2451133578125 0.048713234375 0.23727022031249997 0.0389093140625 0.23040747499999997 0.028370096875 0.2287734890625 0.016360293749999998 0.224525121875 0 0.2208895015625 0 0.2961115109375
1 0 0.3914530078125 0.00859375 0.3937704234375 0.019623160937500002 0.40095996562499997 0.046338846875 0.410437090625 0.0649662984375 0.41991421406249996 0.0720741421875 0.418607025 0.0772212 0.4140318625 0.0880055140625 0.3856004890625 0.1083486515625 0.3179534296875 0.1257506125 0.24115604531249998 0.12942708281249998 0.21501225625 0.1296875 0.20876224062499998 0.1296875 0.1960285046875 0.1279564953125 0.1911560453125 0.1225643375 0.18494689375 0.11398590625 0.180698528125 0.105407475 0.1735089859375 0.0860447296875 0.1659926453125 0.0703584546875 0.15716911718749998 0.046338846875 0.150306371875 0.026485906250000003 0.140175653125 0.006632965624999999 0.1336397046875 0 0.1303969234375 0 0.3914530078125
2 0.7970766125 0 0.725 0.034375 0.36875 0.2344995015625 0.36875 0.43121189062500004 0.3703125 0.4328125 0.384375 0.4359375 0.421875 0.425 0.4359375 0.425 0.4484375 0.4375 0.484375 0.4328125 0.621875 0.36875 0.634375 0.3734375 0.6828125 0.421875 0.721875 0.4390625 0.7859375 0.4296875 0.84375 0.396875 0.8703125 0.371875 0.878125 0.3546875 0.8765625 0.340625 0.815625 0.2625 0.8875 0.221875 0.9875 0.1859375 0.996875 0.1734375 0.990625 0.1375 0.959375 0.0828125 0.89375 0.0203125 0.86328125 0 0.7970766125 0
0 0.4078125 0.3328125 0.078125 0.04375
0 0.44375 0.2953125 0.1375 0.056640625
0 0.75703125 0.08046875 0.03125 0.0171875
0 0.86875 0.0890625 0.15859375 0.102734375
1 0.36875 0.4796875 0.1598958328125 0.4796875 0.1578125 0.4828125 0.13125 0.4890625 0 0.491855053125 0 0.6997495234375 0.19375 0.6953125 0.2703125 0.6859375 0.3515625 0.6546875 0.36875 0.640213815625 0.36875 0.4796875
0 0.659375 0.75625 0.6515625 0.778125 0.6265625 0.8078125 0.6328125 0.821875 0.653125 0.825 0.671875 0.8078125 0.6921875 0.7625 0.75 0.6703125 0.7515625 0.65625 0.7421875 0.653125 0.709375 0.6859375 0.6828125 0.734375 0.659375 0.75625
0 0.9390625 0.671875 0.93125 0.6421875 0.928125 0.58125 0.921875 0.5765625 0.9140625 0.603125 0.890625 0.64375 0.890625 0.6984375 0.8796875 0.7359375 0.8359375 0.7828125 0.815625 0.8171875 0.821875 0.83125 0.8546875 0.853125 0.875 0.8515625 0.8875 0.8375 0.9125 0.7703125 0.9171875 0.71875 0.9265625 0.7 0.9484375 0.684375 0.9390625 0.671875
2 1 0.4796875 0.7175468203124999 0.4796875 0.5890625 0.7921875 0.5953125 0.8078125 0.6265625 0.825 0.7671875 0.8640625 0.784375 0.8609375 0.8109375 0.8359375 0.8359375 0.840625 0.8609375 0.8546875 0.875 0.8515625 0.9 0.8140625 0.934375 0.7140625 0.9453125 0.7015625 0.9703125 0.7015625 1 0.7082165953125 1 0.4796875