2 0 0.6296875 0.248054975 0.6296875 0.2503370109375 0.605228759375 0.25229779375 0.5712418296874999 0.25229779375 0.538888890625 0.253125 0.5328839859375 0.253125 0.512254903125 0.25229779375 0.505882353125 0.2486213234375 0.50228758125 0.24445465781250003 0.50065359375 0.2248468140625 0.4973856203125 0.191023284375 0.49705882343749996 0.1714154421875 0.488888890625 0.14396446093749998 0.48366013125 0.139307596875 0.48137254843750005 0.13661151875 0.474509803125 0.1361213234375 0.46666666562500003 0.1400428921875 0.42124182968749996 0.1407781859375 0.38660130625 0.1341605390625 0.36862745 0.1295036765625 0.36405228749999996 0.11945465625 0.358169934375 0.112101715625 0.3516339859375 0.10205269531250001 0.34640522812499996 0.0907781859375 0.34281045625 0.0638174015625 0.337908496875 0.054503676562500006 0.33464052187500004 0.0437193625 0.3333333328125 0.0336703421875 0.33464052187500004 0.016023284375 0.340196078125 0.009650734375000001 0.3450980390625 0.0054840687499999995 0.3509803921875 0.00229779375 0.3689542484375 0 0.3932283734375 0 0.6296875
1 0.2105545359375 0 0.2036917890625 0.0057189546875 0.19609375 0.0155228765625 0.187025121875 0.023366014062500003 0.180407475 0.03218954375 0.17182904375000002 0.0400326796875 0.165211396875 0.0485294125 0.15418198593750002 0.058333334375000004 0.1490349265625 0.0655228765625 0.14070159375 0.073039215625 0.134083946875 0.08218954375000001 0.12501531875 0.09003267968749999 0.1115349265625 0.11062091562500001 0.10810355468749999 0.1174836609375 0.10369178906250001 0.1315359484375 0.10124080937499999 0.14820261562499998 0.10124080937499999 0.1736928109375 0.1029564953125 0.19493464062500002 0.105162378125 0.20539215781250003 0.11104473125 0.220751634375 0.12207414218749998 0.241013071875 0.1274662984375 0.2485294125 0.14119178906250002 0.27598039218750003 0.16251531875 0.3125817 0.1686427703125 0.32728758281250003 0.18604473125 0.3596405234375 0.19609375 0.37336601406250003 0.2017310046875 0.379248365625 0.2049172796875 0.3818627453125 0.20824142031249998 0.3828125 0.2149268546875 0.3828125 0.23212316249999998 0.37728758125 0.2377604171875 0.37401960624999997 0.242662378125 0.3687908484375 0.253446690625 0.3495098046875 0.255162378125 0.34852941249999997 0.26006433906250004 0.3495098046875 0.2681525734375 0.34624183125 0.29241727968750003 0.3132352953125 0.3036917890625 0.2923202625 0.30663296562500003 0.2834967328125 0.30932904375 0.2697712421875 0.30614277031250003 0.2517973859375 0.2757506125 0.2014705890625 0.27182904375 0.1916666671875 0.2674172796875 0.1854575171875 0.26717218125 0.1815359484375 0.28359375 0.16486928125 0.294132965625 0.1573529421875 0.3017310046875 0.1485294125 0.31570159375 0.13741830156249998 0.32354473125 0.1266339875 0.32648590624999996 0.11977124218749999 0.3265625 0.1193831671875 0.3265625 0.088619653125 0.32501531875 0.08055555625000001 0.3188878671875 0.06062091562500001 0.305407475 0.023366014062500003 0.29805453437499996 0.0073529421875 0.29370081875 0 0.2105545359375 0
0 0.11232766406250001 0.1375 0.11476715625 0.135498365625 0.11721813750000001 0.13125 0.121875 0.1170576546875 0.121875 0.112077890625 0.1216299015625 0.1103349671875 0.11917892187500001 0.1064133984375 0.11182597968750001 0.10739379062500001 0.1071691171875 0.1139297390625 0.10496323437499999 0.12732843124999998 0.10324754843749999 0.13125 0.103492646875 0.134844771875 0.1047181375 0.13647875781250002 0.10900735156250001 0.1375 0.11232766406250001 0.1375
0 0.2782628671875 0.24365808906250003 0.28242953593750003 0.251174428125 0.28757659375 0.256729984375 0.29068882500000004 0.2578125 0.294992340625 0.2578125 0.29983149375 0.2554227953125 0.3 0.2549734453125 0.3 0.2480692671875 0.2919883578125 0.2318933828125 0.2826746328125 0.2220894609375 0.2787530640625 0.2194750828125 0.27483149375 0.21391952656250002 0.2721354171875 0.21261233750000003 0.2696844375 0.21489991874999997 0.26894914375 0.21751429843749998 0.2699295359375 0.2315665859375 0.2716452203125 0.2358149515625 0.2782628671875 0.24365808906250003
0 0.2504842328125 0 0.2490196078125 0.0275837421875 0.2490196078125 0.047518382812499996 0.2517156875 0.05405433125 0.25465686249999997 0.057322304687500006 0.2588235234375 0.0578125 0.26372549218749997 0.0578125 0.268382353125 0.054707925000000004 0.277696078125 0.04294321875 0.2850490203125 0.0295445265625 0.29460784218749997 0.0177798203125 0.2953125 0.01558755625 0.2953125 0.01082175625 0.2918340765625 0 0.2504842328125 0
0 0.20082720625 0.237857434375 0.19764093124999998 0.2473345578125 0.198131128125 0.2551776953125 0.20303308750000001 0.27217115937499997 0.2076899515625 0.2806678921875 0.2125919109375 0.29439338125000003 0.22355118125 0.3125 0.23115101718750003 0.3125 0.2368566171875 0.30975285937499997 0.2552389703125 0.287857434375 0.2562193625 0.2842626625 0.2552389703125 0.2813214859375 0.23979779375 0.26367442812499997 0.2219056375 0.23981821874999998 0.21528799062499998 0.23458946093750002 0.2064644609375 0.2326286765625 0.20352328437499997 0.2342626625 0.20082720625 0.237857434375
0 0 0.6296875 0.0427532453125 0.6296875 0.0443321078125 0.62505616875 0.045067403125 0.6064287171875 0.0443321078125 0.6015267578125 0.039430146875 0.5851868890625 0.026930146874999998 0.561657475 0.0230085796875 0.558062703125 0.016390931249999997 0.5551215296875001 0.0046262265625 0.5678666265625 0 0.5738421687499999 0 0.6296875
0 0.20234375 0.53203125 0.103125 0.0734375
0 0.16640625 0.61875 0.1453125 0.021875
0 0.04921875 0.496875 0.0671875 0.05234375
0 0.1015625 0.4875 0.062109375 0.075
0 0.421875 0.6046875 0.046875 0.05
0 0.38984375 0.6171875 0.0265625 0.025
2 0.0096354171875 0.6296875 0.00625 0.65 0.015625 0.7 0.028125 0.70625 0.159375 0.7171875 0.1890625 0.7171875 0.2125 0.7046875 0.2734375 0.703125 0.3328125 0.7203125 0.34375 0.7171875 0.36875 0.6609375 0.3703125 0.6328125 0.3690104171875 0.6296875 0.0096354171875 0.6296875
1 0.421875 0.8609375 0.425 0.8234375 0.4203125 0.8140625 0.33125 0.7890625 0.3453125 0.7359375 0.340625 0.7234375 0.3234375 0.7125 0.278125 0.7015625 0.21875 0.7015625 0.1890625 0.715625 0.1671875 0.7765625 0.165625 0.8171875 0.190625 0.8671875 0.221875 0.89375 0.2484375 0.90625 0.3515625 0.9234375 0.3890625 0.91875 0.4078125 0.8953125 0.421875 0.8609375
1 1 0.8411523437499999 0.8796875 0.8546875 0.8484375 0.8703125 0.81875 0.8984375 0.8046875 0.921875 0.7984375 0.9796875 0.80069444375 1 0.9740234375 1 0.96875 0.971875 1 0.9669921875 1 0.8411523437499999