1 0.1640625 0.54453125 0.31484375 0.325
0 0.6640625 0.47890625 0.05078125 0.0578125
0 0.2953125 0.95859375 0.0453125 0.0796875
1 0.22421875 0.89765625 0.28203125 0.19765625
0 0.36953125 0.71640625 0.071875 0.08515625
0 0.81015625 0.675 0.05703125 0.08984375
0 0.821875 0.57578125 0.0875 0.046875
0 0.54609375 0.73828125 0.1078125 0.05
2 0.70390625 0.609375 0.32109375 0.33046875
0 0.76875 0.71484375 0.0625 0.090625
2 0.459375 0.7828125 0.31328125 0.28828125
0 0.59140625 0.48828125 0.03828125 0.03984375
0 0.45 0.85625 0.06796875 0.08828125
0 0.81640625 0.6 0.07734375 0.10390625
0 0.04375 0.4921875 0.04609375 0.04296875