0 0.0421875 0.49453125 0.05 0.101171875
2 0.2440246390625 0.66875 0.2531556359375 0.6602277359375 0.25805759687499996 0.6530381937499999 0.2668811265625 0.6445414609375 0.2747242640625 0.633103553125 0.282322303125 0.62493361875 0.28428308750000003 0.62101205 0.28893995 0.607286559375 0.2891850484375 0.5978094359375 0.28820465624999997 0.588005515625 0.2840379890625 0.5736264281250001 0.279626225 0.5625153171874999 0.26614583281250004 0.536371528125 0.2531556359375 0.5180708734375 0.233057596875 0.499443421875 0.22178308750000003 0.49258067656250004 0.21467524375 0.4902930953125 0.211243871875 0.4902930953125 0.20438112656250002 0.49356106874999994 0.1938419109375 0.5004238140624999 0.18673406875 0.5099009390625 0.1739889703125 0.5190512671875 0.1685968125 0.5268944046875 0.1624693625 0.5321231625 0.1563419109375 0.5419270828125 0.1462928921875 0.54225388125 0.1406556359375 0.5321231625 0.1345281859375 0.5239532265625 0.1306066171875 0.51578329375 0.1254595578125 0.5095741421875 0.120557596875 0.50009701875 0.1149203421875 0.49323427343750004 0.10511642031249999 0.477874796875 0.1004595578125 0.4683976703125 0.086979165625 0.44878982812499996 0.0806066171875 0.43604472968749997 0.074479165625 0.43048917343750004 0.0693321078125 0.429181984375 0.060263479687499996 0.43310355312500004 0.05143995 0.44061989375 0.0359987734375 0.44977022031249997 0.030116420312499996 0.45630616875 0.018351715625 0.46349570937499995 0.013449754687500001 0.47199244218749997 0 0.4763970390625 0 0.6356420703125 0.0031556359375000003 0.64225388125 0.0087928921875 0.649443421875 0.0129595578125 0.65794015625 0.0203125 0.6680708734375 0.02065705625 0.66875 0.2440246390625 0.66875
0 0.8203125 0.228125 0.240625 0.45
0 0.7390625 0.57109375 0.11875 0.1359375
0 0.7640625 0.196875 0.7578125 0.221875 0.7625 0.2453125 0.7734375 0.28125 0.778125 0.2859375 0.7953125 0.2828125 0.803125 0.290625 0.809375 0.2875 0.80625 0.2390625 0.790625 0.1953125 0.78125 0.1359375 0.765625 0.1140625 0.759375 0.146875 0.7640625 0.196875
0 0.9296875 0.096875 0.9203125 0.09375 0.9078125 0.1109375 0.8984375 0.15 0.8765625 0.1484375 0.8171875 0.128125 0.8078125 0.15 0.815625 0.2421875 0.834375 0.2765625 0.853125 0.2875 0.865625 0.3046875 0.86875 0.34375 0.8875 0.3984375 0.8890625 0.4625 0.8828125 0.4890625 0.9015625 0.4890625 0.903125 0.4125 0.9171875 0.334375 0.925 0.19375 0.9203125 0.184375 0.9078125 0.2015625 0.903125 0.1953125 0.921875 0.16875 0.915625 0.1453125 0.9265625 0.1296875 0.9296875 0.096875
0 0.803125 0.1484375 0.8109375 0.140625 0.8109375 0.115625 0.803125 0.0375 0.7890625 0.03125 0.7828125 0.0390625 0.803125 0.1484375
0 0.8796875 0.490625 0.8875 0.484375 0.8984375 0.4546875 0.9 0.4171875 0.89375 0.4125 0.86875 0.4203125 0.84375 0.403125 0.8375 0.434375 0.8484375 0.465625 0.8703125 0.490625 0.8796875 0.490625
2 0.6567095593750001 0.66875 0.6578125 0.675 0.6921875 0.7328125 0.709375 0.75 0.759375 0.746875 0.828125 0.7109375 0.834375 0.69375 0.819719828125 0.66875 0.6567095593750001 0.66875
1 0.7125 1 0.7453125 0.9828125 0.7765625 0.95625 0.78125 0.9359375 0.7453125 0.8875 0.809375 0.85625 0.7578125 0.7828125 0.7359375 0.7609375 0.7265625 0.7609375 0.6640625 0.7859375 0.634375 0.80625 0.60625 0.834375 0.5921875 0.8609375 0.59375 0.9203125 0.615625 0.95625 0.6527462125 1 0.7125 1
2 1 0.7391826921875 0.940625 0.74375 0.9328125 0.696875 0.9203125 0.6953125 0.83125 0.7046875 0.8046875 0.7234375 0.8140625 0.7515625 0.81875 0.803125 0.8375 0.8109375 0.83125 0.8171875 0.8109375 0.8125 0.8109375 0.83125 0.8234375 0.915625 0.8375 0.9296875 0.9015625 0.9359375 0.95625 0.925 0.965625 0.9171875 0.959375 0.8546875 1 0.8476222828125 1 0.7391826921875