2 0.5 0 0.1436079546875 0 0.140625 0.04375 0.140625 0.146875 0.15 0.2046875 0.1671875 0.2234375 0.2125 0.2328125 0.5 0.25214023124999996 0.5 0
2 0 0.78609550625 0.0125 0.7875 0.01875 0.7953125 0.01875 0.9 0.025 0.9125 0.0515625 0.934375 0.0890625 0.9390625 0.1234375 0.934375 0.1703125 0.946875 0.1953125 0.9421875 0.20625 0.925 0.215625 0.8203125 0.3390625 0.8359375 0.3671875 0.83125 0.3890625 0.6375 0.38125 0.5578125 0.365625 0.5296875 0.175 0.5 0 0.48013513437499994 0 0.78609550625
0 0.0234375 0.67421875 0.046875 0.2484375
2 0.6696022734375 0.4296875 0.646875 0.4453125 0.64375 0.45625 0.6265625 0.840625 0.6257010140625 1 1 1 1 0.4427734375 0.9651041671874999 0.4296875 0.8122596156250002 0.4296875 0.796875 0.4546875 0.7947010875 0.4296875 0.6696022734375 0.4296875
0 0.94375 0.8765625 0.1125 0.246875
0 0.7875 0.5546875 0.096875 0.25
0 0.715625 0.95 0.06875 0.1
0 0.94375 0.8765625 0.1125 0.246875
0 0.7875 0.5546875 0.096875 0.25
0 0.715625 0.95 0.06875 0.1
0 0.99140625 0.56484375 0.0171875 0.2703125