2 0.179435484375 0 0.1765625 0.0296875 0.209375 0.1078125 0.2171875 0.1484375 0.128125 0.2 0.1265625 0.2421875 0.140625 0.315625 0.1640625 0.4046875 0.1921875 0.45 0.20625 0.4515625 0.246875 0.43125 0.3046875 0.39375 0.31875 0.3953125 0.3890625 0.5703125 0.409375 0.58125 0.446875 0.5796875 0.496875 0.55625 0.509375 0.5452806125 0.509375 0.167427884375 0.4734375 0.0734375 0.43948997656250005 0 0.179435484375 0
0 0.378125 0.021875 0.1625 0.04375
2 0.509375 0.516015625 0.51875 0.5546875 0.5390625 0.5984375 0.553125 0.6015625 0.634375 0.5796875 0.690625 0.5484375 0.6953125 0.53125 0.68125 0.49375 0.684375 0.4640625 0.6640625 0.371875 0.7625 0.321875 0.790625 0.3 0.7921875 0.290625 0.790625 0.209375 0.778125 0.15 0.746875 0.0765625 0.7390625 0.06875 0.721875 0.06875 0.509375 0.139832746875 0.509375 0.516015625
1 0.12545052031249998 0.609375 0.12465625 0.6125520828125001 0.12515625 0.6258854171875 0.13065625 0.6432187500000001 0.13565624999999998 0.6645520828125 0.14540625000000001 0.6905520828125 0.15140625000000002 0.69721875 0.16265625 0.7015520828125 0.17415624999999998 0.7038854171875 0.21072720937499997 0.7078125 0.23907617656250002 0.7078125 0.26290625 0.70521875 0.27565625 0.70121875 0.28640625000000003 0.6948854171875001 0.29265625 0.6878854171875 0.29865624999999996 0.6758854171875 0.30415625 0.6522187500000001 0.30715625 0.6148854171875 0.3073872765625 0.609375 0.12545052031249998 0.609375
1 0.29550624999999997 1 0.298875 0.9969374999999999 0.31262500000000004 0.9766041671875 0.315375 0.9716041671875001 0.316125 0.9672708328125001 0.303875 0.9372708328125 0.267625 0.8606041671875 0.254875 0.8386041671875001 0.24337499999999998 0.8222708328125 0.232125 0.8099375 0.221875 0.8012708328125001 0.201625 0.7889375000000001 0.177875 0.7816041671875 0.160375 0.7796041671875 0.139625 0.7822708328125 0.123125 0.7876041671875 0.100625 0.7999375 0.082375 0.8129375 0.032625 0.8519375 0.0036249999999999998 0.8776041671874999 0 0.8832660718750001 0 0.9107475 0.022625 0.9089375000000001 0.026125 0.9109375 0.028875 0.9146041671875 0.029625000000000002 0.9179375000000001 0.027375 0.9212708328125 0.019625 0.9272708328124999 0.004125 0.9426041671875 0.003125 0.9452708328125 0.004125 0.9549375 0.011875 0.9719374999999999 0.0287541765625 1 0.12698607343749999 1 0.12887500000000002 0.9986041671875 0.136875 0.9892708328125 0.150125 0.9826041671875 0.161875 0.9949375 0.1643768171875 1 0.29550624999999997 1
2 0.509375 1 0.509375 0.8376131749999999 0.504875 0.8379375 0.48637499999999995 0.8172708328125001 0.47487500000000005 0.7942708328125 0.465375 0.7792708328125 0.457625 0.7639375 0.455875 0.7616041671875 0.45237499999999997 0.7602708328125 0.442875 0.7636041671875 0.43912500000000004 0.7666041671875 0.430375 0.7789375 0.42262500000000003 0.7872708328125 0.418125 0.7946041671875 0.414125 0.7982708328125 0.38687499999999997 0.8352708328125 0.381875 0.8446041671875001 0.373875 0.8536041671875001 0.36062500000000003 0.8762708328125001 0.355375 0.8909375 0.35562499999999997 0.8946041671875001 0.37487499999999996 0.9219375 0.379625 0.9266041671874999 0.38687499999999997 0.9369375 0.392625 0.9422708328125001 0.414625 0.9722708328125 0.429875 0.9899374999999999 0.4366274671875 1 0.509375 1
0 0.26225 1 0.258625 0.9909375 0.250375 0.9812708328124999 0.24537499999999998 0.9676041671875 0.240125 0.9596041671875 0.227875 0.9486041671875001 0.22512500000000002 0.9476041671875001 0.221875 0.9539375 0.221875 0.9589375 0.224375 0.9702708328125 0.234125 0.9962708328125001 0.23674143124999997 1 0.26225 1
0 0.290125 0.9316041671875 0.287875 0.9386041671875001 0.287625 0.9449375 0.289625 0.9492708328124999 0.294625 0.9716041671875001 0.29862500000000003 0.9776041671875 0.302375 0.9799374999999999 0.313125 0.9756041671875 0.316125 0.9716041671875001 0.317125 0.9679375 0.313125 0.9579375000000001 0.30262500000000003 0.9422708328125001 0.295375 0.9376041671875001 0.290125 0.9316041671875
0 0.46187500000000004 0.9292708328125 0.46287500000000004 0.9279375 0.46262499999999995 0.9249375000000001 0.45862499999999995 0.9202708328125 0.453625 0.9072708328125 0.449625 0.9026041671874999 0.445375 0.8892708328125 0.437125 0.8792708328125001 0.43062500000000004 0.8629374999999999 0.425375 0.8572708328124999 0.414875 0.8422708328125001 0.407125 0.8286041671875001 0.40787500000000004 0.8226041671875001 0.405625 0.8226041671875001 0.405375 0.8249375000000001 0.40337500000000004 0.8262708328125001 0.40037500000000004 0.8229375000000001 0.40037500000000004 0.8412708328124999 0.40862499999999996 0.8522708328124999 0.414625 0.8646041671875 0.430875 0.8882708328125 0.436875 0.8989375 0.44312500000000005 0.9076041671875 0.44762500000000005 0.9102708328125001 0.450875 0.9146041671875 0.45962500000000006 0.9296041671874999 0.46187500000000004 0.9292708328125
0 0 0.9163605765625 0.001875 0.9219375 0.004125 0.9389375 0.005875 0.9389375 0.022375 0.9269375 0.037625 0.9139375 0.042375 0.9116041671874999 0.045875 0.9129375 0.049625 0.9122708328125 0.050624999999999996 0.9096041671874999 0.048625 0.9062708328125 0.049375 0.9029375 0.059875 0.8929375 0.072375 0.8759375 0.084375 0.8656041671875 0.084375 0.8596041671875 0.082125 0.8576041671875 0.079125 0.8576041671875 0.052375000000000005 0.8746041671875 0 0.902914978125 0 0.9097946421875001 0.000125 0.9099375000000001 0 0.9100208328124999 0 0.9163605765625
2 1 0.609375 0.5866714015625 0.609375 0.5484375 0.6359375 0.509375 0.6704927890625 0.509375 0.7375 0.5125 0.759375 0.540625 0.8453125 0.5765625 0.9125 0.6296875 0.965625 0.646875 0.9671875 0.6609375 0.9609375 0.8046875 0.840625 0.821875 0.8515625 0.865625 0.934375 0.8890625 0.9578125 0.9125 0.9609375 0.9921875 0.903125 1 0.8954861109374999 1 0.6873263890625 0.9984375 0.6828125 1 0.6814144734375 1 0.609375
0 0.66171875 0.821875 0.165625 0.225