2 0 0.359375 0.21614583281250002 0.359375 0.2140625 0.3578125 0.2578125 0.1953125 0.259375 0.165625 0.253125 0.1546875 0.2234375 0.1234375 0.16875 0.0859375 0.1078125 0.0609375 0.0625 0.0578125 0.0390625 0.0703125 0.025 0.10625 0 0.1922348484375 0 0.359375
2 0.4796875 0 0.4796875 0.1652478453125 0.5171875 0.1859375 0.571875 0.18125 0.584375 0.1890625 0.734375 0.2203125 0.7703125 0.21875 0.79375 0.0109375 0.7915625000000001 0 0.4796875 0
0 0.66328125 0.1015625 0.2578125 0.203125
0 0.0578125 0.53359375 0.115625 0.1515625
0 0.28828125 0.671875 0.1 0.090625
0 0.4703125 0.50625 0.01875 0.103125
0 0.459375 0.4828125 0.4203125 0.4515625 0.3578125 0.446875 0.3328125 0.4515625 0.3296875 0.4609375 0.3640625 0.4828125 0.3796875 0.5 0.403125 0.55 0.4015625 0.58125 0.4109375 0.584375 0.4390625 0.5515625 0.440625 0.5171875 0.4453125 0.5125 0.4765625 0.5125 0.4734375 0.484375 0.459375 0.4828125
2 0.4796875 0.359375 0.4796875 0.7832331734375 0.49375 0.8 0.5875 0.871875 0.615625 0.821875 0.65625 0.7859375 0.690625 0.728125 0.7203125 0.621875 0.721875 0.5515625 0.7109375 0.5203125 0.6984375 0.5046875 0.59375 0.4453125 0.5375 0.4046875 0.5265625 0.365625 0.5264081796875 0.359375 0.4796875 0.359375
0 0.56640625 0.61953125 0.1734375 0.3140625
0 0.5609375 0.55 0.1625 0.075
0 0.56875 0.6984375 0.11640625 0.1390625