2 0.04457236875 0 0 0.002646484375 0 0.2890625 0.49920058125000005 0.2890625 0.5 0.2546875 0.5078125 0.225 0.5046875 0.059375 0.49254261406250005 0 0.04457236875 0
0 0.08203125 0.19296875 0.1640625 0.1921875
0 0.4375 0.24921875 0.134375 0.0796875
2 0.5296875 0 0.5296875 0.2890625 0.8065524187499999 0.2890625 0.7921875 0.259375 0.7484375 0.140625 0.6859375 0 0.64375 0 0.64375 0.0015625 0.6296875 0.0078125 0.6241365125 0 0.5296875 0
0 0.6515625 0.05859375 0.165625 0.1171875
2 0.5296875 0.6896825390625 0 0.7569444437499999 0 0.9924632359375 0.1375 0.984375 0.14228830625 1 0.398069853125 1 0.3921875 0.95 0.471875 0.934375 0.5296875 0.931888440625 0.5296875 0.6896825390625
0 0.20234375 0.9546875 0.2 0.05234375
0 0.45703125 0.78984375 0.1453125 0.0484375
0 0.0515625 0.8484375 0.103125 0.11875
0 0.04375 0.96640625 0.0875 0.0671875
0 0.20234375 0.9546875 0.2 0.0515625
0 0.45703125 0.78984375 0.1453125 0.0484375
2 0.5296875 0.2890625 0.5296875 0.6235723921874999 0.6921875 0.8421875 0.7375 0.9 0.759375 0.9125 0.7828125 0.9 0.8171875 0.8640625 0.890625 0.7578125 0.9078125 0.721875 0.915625 0.690625 0.909375 0.6734375 0.8296875 0.5765625 0.8265625 0.565625 0.8625 0.525 0.884375 0.4875 0.8875 0.45625 0.8828125 0.434375 0.8359375 0.346875 0.8 0.31875 0.78125 0.315625 0.771875 0.3203125 0.6953125 0.396875 0.6671875 0.3703125 0.6019211062500001 0.2890625 0.5296875 0.2890625