2 0.0285300921875 0 0.03125 0.0734375 0.0359375 0.078125 0.075 0.078125 0.1953125 0.0625 0.203125 0.0765625 0.2125 0.18125 0.225 0.2015625 0.271875 0.2125 0.3140625 0.2125 0.3515625 0.2046875 0.378125 0.190625 0.396875 0.1703125 0.39375 0.04375 0.421875 0.0359375 0.525 0.0359375 0.5375 0.0328125 0.54375 0.0234375 0.5477909484375 0 0.0285300921875 0
0 0.10234375 0.040625 0.1828125 0.08125
0 0.49609375 0.03828125 0.1703125 0.0765625
2 1 0 0.65 0 0.65 0.1302966109375 0.7734375 0.2328125 0.80625 0.2484375 0.846875 0.296875 0.8631793484375001 0.309375 0.9793478265625 0.309375 1 0.29110576875 1 0
0 0.8625 0.13671875 0.275 0.2734375
0 0.88984375 0.046875 0.21171875 0.075
0 0.921875 0.1953125 0.11640625 0.1390625
0 0.3703125 0.61953125 0.28203125 0.166796875
0 0.19765625 0.71015625 0.153125 0.1234375
0 0.4625 0.93515625 0.20625 0.1078125
0 0.56953125 0.84609375 0.1609375 0.1328125
0 0.0765625 0.88203125 0.153125 0.1640625