2 0.6 0.1078125 0.575 0.0578125 0.5640625 0.05 0.5515625 0.05 0.11875 0.18125 0.11875 0.228125 0.13125 0.3140625 0.146875 0.39375 0.1671875 0.45625 0.1875 0.4546875 0.234375 0.425 0.3140625 0.3984375 0.33125 0.434375 0.3484375 0.5015625 0.3578125 0.5171875 0.3734375 0.5234375 0.428125 0.5140625 0.4765625 0.4875 0.503125 0.4609375 0.5109375 0.4421875 0.5109375 0.41875 0.4921875 0.334375 0.5828125 0.296875 0.6 0.2842105265625 0.6 0.1078125
0 0.23125 0.33828125 0.178125 0.1859375
2 0.6 0 0.6 0.53046875 0.60625 0.5328125 0.6328125 0.50625 0.6765625 0.44375 0.753125 0.3125 0.7484375 0.2953125 0.65 0.1828125 0.653125 0.1671875 0.7140625 0.0765625 0.7140625 0.0515625 0.6824936218750001 0 0.6 0
2 0.6 1 0.6 0.6296875 0.42105263125 0.6296875 0.415625 0.68125 0.309375 0.6765625 0.2171875 0.65 0.178125 0.6890625 0.140625 0.8015625 0.1375 0.85 0.140625 0.9515625 0.14943181875 1 0.6 1
0 0.2765625 0.84765625 0.23671875 0.090625
0 0.47578125 0.97109375 0.2484375 0.0578125
0 0.2375 0.68828125 0.0890625 0.10625
0 0.55546875 0.7296875 0.0890625 0.1125
2 0.6 0.6296875 0.6 0.8672526046875 0.639949059375 1 0.9091638515625 1 0.9015625 0.9765625 0.9671875 0.9453125 0.9796875 0.9046875 0.978125 0.8484375 0.9671875 0.7890625 0.9421875 0.734375 0.925 0.728125 0.8125 0.7515625 0.7875 0.703125 0.758940971875 0.6296875 0.6 0.6296875
0 0.7484375 0.9421875 0.1875 0.115625
0 0.7988726265625 1 0.7390625 0.915625 0.7109375 0.8875 0.6953125 0.8875 0.6765625 0.9046875 0.66875 0.8984375 0.665625 0.90625 0.65625 0.9015625 0.6546875 0.909375 0.6703125 0.98125 0.67640625 1 0.7988726265625 1