0 0.075 0.16171875 0.13359375 0.196875
0 0.43359375 0.3328125 0.1109375 0.203125
2 0.196875 0 0.1765625 0.0140625 0.125 0.01875 0.059375 0.009375 0.025 0.0390625 0 0.09375 0 0.271484375 0.0078125 0.296875 0.053125 0.3328125 0.059375 0.365625 0.0734375 0.3765625 0.11875 0.3765625 0.2109375 0.40625 0.259375 0.409375 0.3140625 0.4421875 0.35625 0.434375 0.3828125 0.4359375 0.415625 0.4453125 0.446875 0.4625 0.4890625 0.47223557656250004 0.4890625 0.0921331515625 0.378125 0.071875 0.3671875 0.0625 0.346875 0.0171875 0.3319791671875 0 0.196875 0
2 1 0.5796875 1 0.27726212656250004 0.965625 0.2546875 0.953125 0.165625 0.95 0.090625 0.925 0.0625 0.865625 0.05 0.8234375 0.05625 0.79375 0.06875 0.75625 0.1015625 0.7453125 0.125 0.696875 0.125 0.66875 0.1375 0.6515625 0.153125 0.64375 0.165625 0.64375 0.1921875 0.6203125 0.246875 0.6140625 0.30625 0.6203125 0.3375 0.634375 0.365625 0.6703125 0.4015625 0.81875 0.5171875 0.9049342109375 0.5796875 1 0.5796875
0 0.9171875 0.46015625 0.165625 0.2390625
0 0.7046875 0.19921875 0.15234375 0.1203125
0 0.28671875 0.809375 0.175 0.237890625
0 0.1796875 0.82734375 0.059375 0.113671875
0 0.3796875 0.69921875 0.053515625 0.098046875
2 0 0.5796875 0 0.9177894468750001 0.2703125 0.96875 0.3546875 0.9765625 0.3734375 0.921875 0.371875 0.803125 0.3765625 0.7625 0.390625 0.740625 0.3921875 0.653125 0.3796875 0.64375 0.2421875 0.6171875 0.2436875 0.5796875 0.0484375 0.5796875 0.0109375 0.5796875 0 0.5796875
2 1 1 1 0.706689453125 0.9546875 0.8015625 0.8203125 0.771875 0.790625 0.775 0.76875 0.7921875 0.7390625 0.8328125 0.71875 0.8828125 0.709375 0.940625 0.71489825625 1 1 1