2 0 0 0 0.45879934218749996 0.0375 0.4578125 0.078125 0.4359375 0.096875 0.346875 0.1046875 0.2375 0.1140625 0.23125 0.221875 0.234375 0.2375 0.20625 0.25 0.11875 0.253125 0.0546875 0.2440104171875 0 0 0
1 0.5740234375 0 0.534375 0.0109375 0.496875 0.0453125 0.4828125 0.0921875 0.4828125 0.1546875 0.4875 0.1640625 0.5546875 0.1765625 0.6125 0.1703125 0.628125 0.1578125 0.6296875 0.1234375 0.6359375 0.115625 0.6859375 0.1171875 0.6984375 0.1078125 0.7109375 0.059375 0.709375 0.01875 0.703125 0.00625 0.604375 0 0.5740234375 0
1 0.775 0.290625 0.7828125 0.2421875 0.775 0.1984375 0.759375 0.1921875 0.71875 0.1921875 0.6359375 0.2015625 0.6 0.21875 0.584375 0.2328125 0.56875 0.2578125 0.5625 0.2921875 0.565625 0.35 0.5734375 0.3609375 0.621875 0.3640625 0.7 0.3546875 0.709375 0.3421875 0.709375 0.3 0.765625 0.296875 0.775 0.290625
1 0.4390625 0.5563559328125 0.45 0.5546875 0.465625 0.5421875 0.4625 0.496875 0.4671875 0.490625 0.5359375 0.484375 0.5421875 0.471875 0.5375 0.403125 0.5296875 0.3765625 0.5140625 0.3734375 0.4390625 0.37977552812500004 0.4390625 0.5563559328125
1 0.9890625 0.390625 0.9015625 0.3546875 0.85625 0.3515625 0.809375 0.3609375 0.778125 0.3796875 0.728125 0.4515625 0.73125 0.4625 0.7984375 0.4953125 0.8453125 0.5015625 0.859375 0.4921875 0.878125 0.4625 0.9328125 0.4828125 0.959375 0.4703125 0.9890625 0.44375 0.9984375 0.4 0.9890625 0.390625
1 1 0.52890625 0.9671875 0.5125 0.890625 0.49375 0.8578125 0.5265625 0.8125 0.5125 0.7921875 0.5125 0.765625 0.5265625 0.7546875 0.5421875 0.7453125 0.575 0.745720109375 0.5796875 0.9795454546875 0.5796875 0.9875 0.5703125 1 0.5342013890625 1 0.52890625
2 1 0.040013178125 0.7578125 0.009375 0.7375 0.053125 0.7359375 0.1109375 0.746875 0.1171875 0.8046875 0.1203125 0.8 0.175 0.8125 0.18125 0.925 0.18125 0.9328125 0.1734375 0.934375 0.146875 0.9421875 0.1296875 0.990625 0.1328125 1 0.128125 1 0.040013178125
2 0.4390625 0.35637571874999996 0.45 0.35625 0.45625 0.3484375 0.45625 0.309375 0.4609375 0.3046875 0.5265625 0.303125 0.5375 0.2953125 0.5390625 0.221875 0.53125 0.1953125 0.4546875 0.1859375 0.4453125 0.1765625 0.453125 0.1625 0.453125 0.1359375 0.4390625 0.121875 0.4390625 0.35637571874999996
2 0.700390625 0.5796875 0.6953125 0.575 0.6953125 0.56875 0.7484375 0.534375 0.75 0.525 0.70625 0.478125 0.6578125 0.4484375 0.6109375 0.4859375 0.46510416718750003 0.5796875 0.700390625 0.5796875
1 0.08350694374999999 0.5796875 0.053125 0.634375 0.0359375 0.7015625 0.053125 0.7125 0.1625 0.7359375 0.246875 0.7390625 0.3109375 0.7234375 0.365625 0.6890625 0.4046875 0.63125 0.4214104734375 0.5796875 0.20542968749999999 0.5796875 0.2046875 0.58125 0.1983333328125 0.5796875 0.08350694374999999 0.5796875
1 0.4390625 1 0.4390625 0.7311647734375 0.35625 0.7703125 0.3109375 0.809375 0.3140625 0.825 0.3546875 0.8609375 0.3609375 0.875 0.29375 0.9234375 0.3046875 0.940625 0.3699026640625 1 0.4390625 1