1 0.509375 0 0.509375 0.0328125 0.5140625 0.0421875 0.58125 0.0546875 0.6390625 0.0484375 0.6546875 0.0359375 0.65625 0.0015625 0.6575 0 0.509375 0
1 0.7359375 0.178125 0.7921875 0.175 0.8015625 0.16875 0.809375 0.1203125 0.8015625 0.0765625 0.7859375 0.0703125 0.7453125 0.0703125 0.6625 0.0796875 0.6265625 0.096875 0.6109375 0.1109375 0.5953125 0.1359375 0.5890625 0.1703125 0.5921875 0.228125 0.6 0.2390625 0.6484375 0.2421875 0.7265625 0.2328125 0.7359375 0.2203125 0.7359375 0.178125
1 0.4390625 0.4385328390625 0.4765625 0.4328125 0.4921875 0.4203125 0.4890625 0.375 0.49375 0.36875 0.5625 0.3625 0.56875 0.35 0.5640625 0.28125 0.55625 0.2546875 0.540625 0.2515625 0.4390625 0.26014524687499996 0.4390625 0.4385328390625
1 1 0.2623325890625 0.928125 0.2328125 0.8828125 0.2296875 0.8359375 0.2390625 0.8046875 0.2578125 0.7546875 0.3296875 0.7578125 0.340625 0.825 0.3734375 0.871875 0.3796875 0.8859375 0.3703125 0.9046875 0.340625 0.959375 0.3609375 0.9859375 0.3484375 1 0.33585526250000003 1 0.2623325890625
1 1 0.39375 0.99375 0.390625 0.9171875 0.371875 0.884375 0.4046875 0.8390625 0.390625 0.81875 0.390625 0.7921875 0.4046875 0.78125 0.4203125 0.771875 0.453125 0.7732336953125 0.46875 0.9968276515625 0.46875 1 0.4650111609375 1 0.39375
2 1 0 0.8311160718749999 0 0.8265625 0.053125 0.8390625 0.059375 0.9515625 0.059375 0.959375 0.0515625 0.9609375 0.025 0.96875 0.0078125 1 0.0098286296875 1 0
2 0.4390625 0 0.4390625 0.23480603437499997 0.4765625 0.234375 0.4828125 0.2265625 0.4828125 0.1875 0.4875 0.1828125 0.553125 0.18125 0.5640625 0.1734375 0.565625 0.1 0.5578125 0.0734375 0.48125 0.0640625 0.471875 0.0546875 0.4796875 0.040625 0.4796875 0.0140625 0.465625 0 0.4390625 0
2 0.7388020828125 0.46875 0.721875 0.453125 0.721875 0.446875 0.775 0.4125 0.7765625 0.403125 0.7328125 0.35625 0.684375 0.3265625 0.6375 0.3640625 0.474652778125 0.46875 0.7388020828125 0.46875
2 0 0.46875 0 0.8203125 0.0140625 0.8203125 0.09375 0.8078125 0.15 0.784375 0.190625 0.7515625 0.20625 0.721875 0.209375 0.6875 0.2015625 0.621875 0.3296875 0.6265625 0.34375 0.621875 0.365625 0.590625 0.3828125 0.5359375 0.3856715421875 0.46875 0 0.46875
2 1 0.4796875 0.659375 0.4796875 0.5734375 0.471875 0.55 0.4875 0.5375 0.5234375 0.5421875 0.5359375 0.5796875 0.553125 0.584375 0.5734375 0.584375 0.6421875 0.5609375 0.6546875 0.5515625 0.66875 0.559375 0.6984375 0.5765625 0.709375 0.784375 0.7046875 0.7921875 0.71875 0.8046875 0.7953125 0.81875 0.809375 0.853125 0.8234375 0.9453125 0.8296875 1 0.818987771875 1 0.4796875
0 0.84375 0.5859375 0.934375 0.5671875 0.859375 0.5609375 0.8140625 0.565625 0.76875 0.5796875 0.7125 0.58125 0.64375 0.5578125 0.5921875 0.553125 0.5859375 0.5765625 0.584375 0.6453125 0.5625 0.653125 0.553125 0.66875 0.565625 0.696875 0.578125 0.7 0.6796875 0.6875 0.7578125 0.6546875 0.7796875 0.65625 0.8125 0.6140625 0.84375 0.5859375
0 0.565625 0.4765625 0.5515625 0.4921875 0.5375 0.5265625 0.5515625 0.553125 0.575 0.5546875 0.5890625 0.5640625 0.6421875 0.559375 0.6234375 0.5296875 0.61875 0.490625 0.578125 0.4734375 0.565625 0.4765625