2 0 0 0 0.17452445625 0.0125 0.1734375 0.0828125 0.1359375 0.10625 0.10625 0.065625 0.0578125 0.103125 0.0390625 0.1171875 0.0171875 0.11345108749999999 0 0 0
2 0.36875 0.1413773140625 0.3421875 0.1453125 0.3328125 0.159375 0.3140625 0.365625 0.3234375 0.3734375 0.3609375 0.3765625 0.36875 0.3765625 0.36875 0.1413773140625
1 0.36875 0 0.22529761874999998 0 0.2125 0.00625 0.2046875 0.015625 0.2359375 0.0703125 0.278125 0.1109375 0.3234375 0.128125 0.36875 0.128125 0.36875 0
1 0.36875 0.409375 0.275 0.4 0.26875 0.4046875 0.2546875 0.4546875 0.1796875 0.44375 0.16875 0.4546875 0.1421875 0.51875 0.1390625 0.553125 0.146875 0.5671875 0.1546875 0.56875 0.3328125 0.56875 0.36875 0.5421296296875 0.36875 0.409375
1 0.71796875 0.13046875 0.2046875 0.2609375
0 0.5734375 0.4859375 0.062109375 0.08359375
2 0.5875 0.3953125 0.4125 0.346875
0 0.746875 0.18515625 0.050390625 0.070703125
0 0.79140625 0.14921875 0.0234375 0.033203125
0 0.634375 0.03828125 0.02265625 0.0328125
0 0.4421875 0.47421875 0.1203125 0.059375
0 0.728125 0.40546875 0.0828125 0.07109375
0 0.709375 0.51796875 0.12734375 0.0671875
0 0.428125 0.38203125 0.06484375 0.0359375
0 0.60546875 0.38828125 0.071875 0.06171875
0 0.63046875 0.37578125 0.053125 0.0671875
2 0.88671875 0.4828125 0.2265625 0.171875
0 0.41953125 0.5421875 0.06640625 0.025
0 0.73515625 0.15703125 0.0953125 0.13515625
0 0.59921875 0.3859375 0.2125 0.1203125
0 0.72265625 0.43671875 0.10234375 0.0875
0 0.79296875 0.15703125 0.01875 0.02890625
2 0 0.56875 0 0.81640625 0.021875 0.81875 0.06875 0.80625 0.0953125 0.7796875 0.09375 0.7421875 0.1046875 0.728125 0.1046875 0.71875 0.1671875 0.66875 0.1671875 0.628125 0.1443509609375 0.56875 0 0.56875
1 1 0.56875 0.7795138890625 0.56875 0.778125 0.575 0.7875 0.5828125 0.7875 0.6359375 0.7984375 0.6859375 0.828125 0.7375 0.890625 0.7890625 0.9375 0.809375 0.9953125 0.825 1 0.8253493781250001 1 0.56875