2 1 0 0.4390625 0 0.4390625 0.11781250000000001 0.4421875 0.1203125 0.609375 0.1203125 0.615625 0.1375 0.6140625 0.2421875 0.6203125 0.253125 0.740625 0.2640625 0.909375 0.2546875 0.9203125 0.25 0.928125 0.2375 0.925 0.125 0.9296875 0.1171875 0.9609375 0.1109375 1 0.11136675781250001 1 0
2 0.4390625 0.4296875 0.1921875 0.4296875 0.1921875 0.475 0.2609375 0.4890625 0.4 0.4890625 0.4328125 0.4921875 0.4390625 0.4943614125 0.4390625 0.4296875
2 0 0.7463667171875 0.0703125 0.7328125 0.075 0.721875 0.0640625 0.6734375 0.1234375 0.6609375 0.1359375 0.653125 0.1328125 0.6234375 0.109375 0.55 0.1015625 0.5453125 0.021875 0.5453125 0 0.49770220624999995 0 0.7463667171875
2 0 0.9625 0.00625 0.9515625 0.0875 0.9734375 0.115625 0.9484375 0.1375 0.9078125 0.15 0.8640625 0.134375 0.85 0.0734375 0.8296875 0.096875 0.7890625 0.0984375 0.7765625 0.021875 0.7515625 0 0.7505208328125 0 0.9625
2 0.27455357187499996 1 0.2796875 0.9953125 0.2796875 0.984375 0.2640625 0.9671875 0.2234375 0.940625 0.1734375 0.915625 0.1609375 0.915625 0.103125 0.965625 0.078125 0.996875 0.0771634609375 1 0.27455357187499996 1
1 0.4390625 0.49375 0.428125 0.53125 0.3921875 0.534375 0.4015625 0.4953125 0.428125 0.490625 0.3796875 0.4875 0.3578125 0.490625 0.346875 0.4984375 0.3265625 0.5453125 0.321875 0.6 0.3328125 0.6265625 0.3625 0.6578125 0.390625 0.671875 0.4390625 0.6833238640625 0.4390625 0.49375
1 0.31875 0.74375 0.33125 0.715625 0.3296875 0.6734375 0.3 0.603125 0.2828125 0.596875 0.1734375 0.6265625 0.1625 0.6421875 0.1796875 0.6734375 0.1796875 0.6875 0.109375 0.7125 0.1171875 0.7515625 0.15625 0.8140625 0.1734375 0.8171875 0.2546875 0.7921875 0.3 0.765625 0.31875 0.74375
2 0.5040178578125001 1 0.5296875 0.9921875 0.8703125 0.840625 0.9125 0.8171875 0.921875 0.8 0.9234375 0.7625 0.9171875 0.7296875 0.8984375 0.7234375 0.878125 0.734375 0.8671875 0.73125 0.8484375 0.6828125 0.8421875 0.6453125 0.8859375 0.60625 0.88125 0.5796875 0.859375 0.5515625 0.834375 0.5484375 0.725 0.596875 0.7015625 0.6 0.6609375 0.51875 0.6375 0.5 0.609375 0.496875 0.56875 0.5140625 0.5328125 0.553125 0.5234375 0.59375 0.53125 0.653125 0.5203125 0.6625 0.4890625 0.6671875 0.4390625 0.6907169124999999 0.4390625 0.8506433828125001 0.4453125 0.8796875 0.46875 0.9578125 0.48125 0.9890625 0.490972221875 1 0.5040178578125001 1
0 0.7625 0.74375 0.7703125 0.7890625 0.8453125 0.7671875 0.86875 0.7484375 0.840625 0.6515625 0.834375 0.65 0.7734375 0.70625 0.7703125 0.7328125 0.7625 0.74375
0 0.8625 0.5625 0.8484375 0.5625 0.809375 0.58125 0.8015625 0.5921875 0.7984375 0.6171875 0.7796875 0.63125 0.7734375 0.64375 0.825 0.6453125 0.86875 0.6375 0.8828125 0.6265625 0.890625 0.6046875 0.8796875 0.578125 0.8625 0.5625
0 0.7453125 0.7984375 0.7546875 0.7984375 0.775 0.784375 0.76875 0.7453125 0.7734375 0.7171875 0.7546875 0.7140625 0.7453125 0.721875 0.740625 0.7625 0.7453125 0.7984375
0 0.73125 0.8890625 0.7515625 0.8859375 0.7609375 0.8765625 0.7765625 0.875 0.80625 0.859375 0.8125 0.85 0.828125 0.8453125 0.834375 0.834375 0.85 0.8328125 0.853125 0.8171875 0.9140625 0.8109375 0.925 0.7828125 0.9234375 0.7390625 0.915625 0.7234375 0.896875 0.7234375 0.8828125 0.7296875 0.8453125 0.765625 0.7984375 0.778125 0.703125 0.8203125 0.7125 0.8609375 0.7203125 0.871875 0.71875 0.8828125 0.7046875 0.8921875 0.7046875 0.8984375 0.725 0.896875 0.73125 0.8890625