2 0 0 0 0.198828125 0.0140625 0.1953125 0.0640625 0.1796875 0.1046875 0.1578125 0.109375 0.1484375 0.0734375 0.0890625 0.1484375 0.0640625 0.1515625 0.05 0.1359375 0.040625 0.1453125 0.0328125 0.1421875 0.01875 0.13135416718749998 0 0 0
1 0 0.41875 0.2016071421875 0.41875 0.21875 0.36875 0.2265625 0.3046875 0.21875 0.2953125 0.059375 0.2828125 0.04375 0.2921875 0.0375 0.34375 0.028125 0.3546875 0 0.3542025859375 0 0.41875
1 0.4796875 0 0.4796875 0.402875 0.5234375 0.4125 0.6640625 0.4140625 0.803125 0.409375 0.815625 0.403125 0.825 0.2890625 0.8171875 0.19375 0.8046875 0.165625 0.6109375 0.1703125 0.6 0.15625 0.5984375 0.04375 0.5796875 0.0203125 0.5349999999999999 0 0.4796875 0
2 0 0.837057675 0.030238970312500002 0.8364276953124999 0.0493566171875 0.8380616828124999 0.05989583281250001 0.840349265625 0.0738664203125 0.8481924015625001 0.0836703421875 0.8508067796875001 0.1187193625 0.85538194375 0.16112132343750002 0.8586499171875002 0.1902879890625 0.8651858656249999 0.23759191093749998 0.8720486109374999 0.2770526953125 0.8733558 0.2978860296875 0.876950571875 0.31283700937500003 0.8841401140624999 0.3145399296875 0.884375 0.32180861875 0.884375 0.3223958328125 0.8841401140624999 0.326317403125 0.8700878265625 0.33146446093750004 0.8344669109375001 0.3378370109375 0.766166259375 0.33979779374999997 0.7321793296875001 0.33979779374999997 0.699826390625 0.340625 0.6938214859375 0.340625 0.6731924031250001 0.33979779374999997 0.666819853125 0.3361213234375 0.66322508125 0.3319546578125 0.66159109375 0.3123468140625 0.6583231203125 0.27852328437499996 0.6579963234375 0.2589154421875 0.649826390625 0.2314644609375 0.64459763125 0.226807596875 0.6423100484375001 0.22411151875000002 0.6354473031250001 0.22362132343750002 0.627604165625 0.2275428921875 0.5821793296875 0.2282781859375 0.5475388062500001 0.2216605390625 0.5295649499999999 0.2170036765625 0.5249897875 0.20695465624999998 0.519107434375 0.199601715625 0.5125714859375 0.18955269531250002 0.507342728125 0.1782781859375 0.50374795625 0.1513174015625 0.498845996875 0.1420036765625 0.495578021875 0.1312193625 0.49427083281249995 0.1211703421875 0.495578021875 0.103523284375 0.5011335781249999 0.097150734375 0.5060355390625 0.09298406875000001 0.5119178921875001 0.08979779375 0.5298917484375 0.08661151875 0.5635518796875 0.082444853125 0.582832925 0.0790134796875 0.6125714859375 0.076807596875 0.6200878265625 0.0743566171875 0.6230290046875 0.06773897031250001 0.6246629890625 0.039552695312500004 0.6236825968749999 0.03268995 0.6217218125 0.0211703421875 0.61322508125 0.017738970312499998 0.6122446890625 0 0.6109059 0 0.837057675
2 0.4796875 1 0.4796875 0.7440093421875 0.443183209375 0.811254084375 0.438526346875 0.8220383984375002 0.40568320937499996 0.8841299015625002 0.384849878125 0.9259599671875 0.3804381125 0.9377246734375 0.37578125 0.9452410125 0.3645067390625 0.9704044109375001 0.3497089453125 1 0.4796875 1
1 0.21960784218749999 0.41875 0.22869178906249998 0.4369178921875 0.25001531875 0.4735192 0.2561427703125 0.4882250828125 0.27354473125 0.5205780234375 0.28359375 0.5343035140625 0.2892310046875 0.540185865625 0.29241727968750003 0.5428002453125 0.2957414203125 0.54375 0.3024268546875 0.54375 0.3196231625 0.53822508125 0.3252604171875 0.53495710625 0.330162378125 0.5297283484374999 0.340946690625 0.5104473046875 0.342662378125 0.5094669125 0.3475643390625 0.5104473046875 0.3556525734375 0.5071793312499999 0.3799172796875 0.4741727953125 0.39119178906249996 0.4532577625 0.394132965625 0.4444342328125 0.39682904375 0.4307087421875 0.3947090859375 0.41875 0.21960784218749999 0.41875
0 0.28054534375 0.8586601312500001 0.26632965625 0.8619281046874999 0.264368871875 0.8632352937500001 0.2633884796875 0.8671568624999999 0.26878063750000003 0.8704248359375001 0.304319853125 0.8779411765624999 0.31216299062499997 0.8831699343749999 0.3151041671875 0.88349673125 0.3192708328125 0.8802287578125 0.31951593125 0.86944444375 0.3185355390625 0.8668300656250001 0.3151041671875 0.8632352937500001 0.29231004843749997 0.859313725 0.28054534375 0.8586601312500001
0 0.4796875 1 0.4796875 0.9606711906250001 0.47711397031249997 0.9622549015625002 0.470251225 0.9707516343750001 0.46681985312499996 0.9821895421875 0.4665747546875 0.9880718953125001 0.46951593125 0.9965686281250001 0.4717677703125 1 0.4796875 1
0 0.28618966874999996 0.41875 0.2903492640625 0.43316993437499995 0.295006128125 0.44166666718750003 0.29990808750000003 0.45539215625 0.31118259843749996 0.47401960781249997 0.3153492640625 0.475 0.32417279374999997 0.470751634375 0.342555146875 0.448856209375 0.3435355390625 0.44526143749999997 0.342555146875 0.4423202609375 0.3271139703125 0.42467320312499995 0.32267156875 0.41875 0.28618966874999996 0.41875
0 0.1258884796875 0.80081699375 0.1280943625 0.797222221875 0.1317708328125 0.7864379078124999 0.132506128125 0.7678104578125 0.1317708328125 0.762908496875 0.126868871875 0.746568628125 0.114368871875 0.723039215625 0.1104473046875 0.7194444437499999 0.10382965625 0.71650326875 0.0920649515625 0.729248365625 0.0763786765625 0.7495098046875001 0.070741421875 0.7658496734375 0.07147671562499999 0.7802287578125 0.0734375 0.7857843140625 0.0763786765625 0.789379084375 0.080790440625 0.792647059375 0.08618259843750001 0.79918300625 0.0928002453125 0.8031045750000001 0.107751225 0.8060457515625 0.114368871875 0.8060457515625 0.1219669125 0.8040849671875 0.1258884796875 0.80081699375
0 0.28984375 0.69296875 0.103125 0.0734375
0 0.2546875 0.8046875 0.14453125 0.06953125
0 0.13671875 0.6578125 0.0671875 0.0515625
0 0.1890625 0.6484375 0.06171875 0.075
0 0.40546875 0.99453125 0.0484375 0.0109375
0 0.46328125 0.82421875 0.0328125 0.0328125
0 0.471875 0.7890625 0.015625 0.046875