1 0.72421875 0.92734375 0.3703125 0.1453125
0 0.896875 0.809375 0.05 0.07890625
2 0.8703125 0.74140625 0.259375 0.2296875
0 0.56875 0.66796875 0.04296875 0.03203125
2 0.51015625 0.609375 0.2015625 0.28125
0 0.71875 0.5125 0.040625 0.0765625
0 0.7640625 0.90625 0.0734375 0.03984375
0 0.98828125 0.73203125 0.0234375 0.0453125
0 0.5171875 0.7046875 0.0671875 0.04609375
1 0.64765625 0.5109375 0.2328125 0.084375
0 0.6125 0.9796875 0.10625 0.040625
0 0.8171875 0.6765625 0.10859375 0.03359375
0 0.578125 0.93125 0.06875 0.0296875
0 0.59609375 0.97109375 0.1046875 0.0578125
0 0.90234375 0.78125 0.10703125 0.12421875