0 0.29140625 0.33125 0.0328125 0.109375
0 0.64921875 0.328125 0.04140625 0.090625
0 0.59921875 0.36875 0.034375 0.03828125
0 0.4984375 0.5765625 0.075 0.109375
0 0.6515625 0.6484375 0.05546875 0.07421875
0 0.71484375 0.740625 0.046875 0.11015625
0 0.6671875 0.8109375 0.0796875 0.1328125
0 0.26796875 0.7921875 0.0328125 0.1140625
0 0.4078125 0.6546875 0.09140625 0.0546875
0 0.22109375 0.6265625 0.10234375 0.0609375
1 0.1715 0.158 0.1665 0.1676666671875 0.16299999999999998 0.1776666671875 0.161 0.1876666671875 0.16 0.2046666671875 0.16 0.2403333328125 0.16399999999999998 0.254 0.17024999999999998 0.2646666671875 0.176 0.2713333328125 0.207 0.2876666671875 0.21549999999999997 0.294 0.225 0.298 0.2285 0.302 0.23125 0.3133333328125 0.23149999999999998 0.3226666671875 0.22825 0.3543333328125 0.22574999999999998 0.3643333328125 0.22574999999999998 0.36866666718749996 0.22949999999999998 0.377 0.23450000000000001 0.383 0.24525000000000002 0.3883333328125 0.254 0.391 0.26549999999999996 0.3976666671875 0.29825 0.40433333281249995 0.3135 0.41 0.32999999999999996 0.41200000000000003 0.33875 0.40766666718750005 0.3465 0.397 0.35075 0.38 0.35275 0.364 0.35525 0.355 0.35775 0.3386666671875 0.3675 0.25033333281250003 0.36825 0.24066666718750002 0.3675 0.2276666671875 0.36524999999999996 0.2153333328125 0.36075 0.20033333281250001 0.35475 0.1893333328125 0.34525 0.17733333281250002 0.33599999999999997 0.1696666671875 0.32075 0.1596666671875 0.29674999999999996 0.1496666671875 0.266 0.1416666671875 0.24874999999999997 0.1346666671875 0.217 0.1276666671875 0.21025 0.1276666671875 0.19975 0.13 0.18925 0.1373333328125 0.1715 0.158
1 0.541 0.044666667187499995 0.5175 0.1236666671875 0.50975 0.1553333328125 0.503 0.17533333281250002 0.50175 0.1906666671875 0.50575 0.197 0.5195000000000001 0.20800000000000002 0.53275 0.21400000000000002 0.54075 0.2216666671875 0.55275 0.2273333328125 0.561 0.2346666671875 0.56975 0.23733333281250002 0.57375 0.24133333281249997 0.5742499999999999 0.2556666671875 0.57175 0.2723333328125 0.55975 0.31766666718750003 0.5505 0.341 0.55275 0.355 0.557 0.3613333328125 0.56425 0.3676666671875 0.5685 0.374 0.5780000000000001 0.381 0.58425 0.384 0.59375 0.3846666671875 0.59875 0.3896666671875 0.615 0.3993333328125 0.634 0.4033333328125 0.6425 0.409 0.6495 0.41100000000000003 0.6719999999999999 0.4113333328125 0.6815 0.40833333281249995 0.68575 0.40433333281249995 0.688 0.398 0.6992499999999999 0.3543333328125 0.718 0.2956666671875 0.72875 0.2533333328125 0.731 0.23133333281250001 0.73125 0.20400000000000001 0.7292500000000001 0.183 0.72425 0.161 0.7165 0.1376666671875 0.70475 0.1143333328125 0.6917500000000001 0.0966666671875 0.6795 0.08399999999999999 0.6655 0.0726666671875 0.61825 0.0436666671875 0.588 0.0226666671875 0.57225 0.014000000000000002 0.5582499999999999 0.009333332812500001 0.5535 0.0113333328125 0.5509999999999999 0.015 0.541 0.044666667187499995
2 0.19175 0.5723333328125 0.1825 0.5963333328125 0.18275 0.6006666671875001 0.185 0.6033333328125 0.20125 0.6086666671875001 0.20274999999999999 0.6136666671875 0.20074999999999998 0.624 0.19675 0.6353333328125 0.195 0.6373333328124999 0.19 0.6386666671875 0.17675000000000002 0.6383333328125 0.172 0.641 0.17024999999999998 0.645 0.16775 0.657 0.16725 0.6766666671875 0.16899999999999998 0.6846666671875 0.175 0.6906666671874999 0.22925 0.7113333328125 0.23625 0.7166666671875 0.23775 0.7213333328125 0.23775 0.7266666671875 0.23625 0.7366666671875 0.22825 0.7613333328125 0.22225 0.792 0.22174999999999997 0.8106666671875 0.22275 0.8163333328125001 0.22599999999999998 0.8223333328125 0.24025 0.8336666671874999 0.24775 0.8363333328125 0.25325000000000003 0.8406666671874999 0.26725 0.8473333328124999 0.28575 0.852 0.3095 0.852 0.321 0.8470000000000001 0.32925 0.837 0.33799999999999997 0.8140000000000001 0.34199999999999997 0.792 0.34525 0.782 0.34700000000000003 0.7686666671875 0.3485 0.7653333328125 0.351 0.7636666671875 0.36175 0.766 0.41075 0.7846666671875 0.413 0.7843333328125001 0.41574999999999995 0.7816666671875 0.42474999999999996 0.7553333328125 0.4405 0.6906666671874999 0.44299999999999995 0.6783333328125 0.44125 0.6673333328125 0.44725000000000004 0.6516666671875 0.44725000000000004 0.6456666671875 0.4455 0.6426666671875 0.4365 0.6366666671875 0.40549999999999997 0.624 0.40075000000000005 0.62 0.39675 0.6186666671875 0.393 0.6136666671875 0.382 0.612 0.35575 0.603 0.2615 0.5650000000000001 0.24125000000000002 0.558 0.22574999999999998 0.5506666671875 0.21575000000000003 0.5469999999999999 0.2105 0.5466666671875 0.20475 0.5509999999999999 0.19724999999999998 0.562 0.19175 0.5723333328125
2 0.503 0.46566666718749994 0.43949999999999995 0.5556666671875 0.4285 0.5746666671875 0.42575 0.5813333328125 0.426 0.5863333328125 0.4285 0.5946666671874999 0.45175 0.6233333328125 0.45775 0.629 0.46449999999999997 0.6386666671875 0.47050000000000003 0.644 0.49225 0.6736666671875 0.5037499999999999 0.6883333328125001 0.5085 0.6926666671875 0.5157499999999999 0.7036666671875 0.5207499999999999 0.7083333328125 0.5417500000000001 0.736 0.5589999999999999 0.7546666671875 0.5650000000000001 0.7633333328125 0.57125 0.769 0.5780000000000001 0.779 0.61175 0.819 0.616 0.8256666671874999 0.62225 0.8313333328124999 0.6292500000000001 0.841 0.63425 0.845 0.64225 0.8560000000000001 0.653 0.8666666671875 0.65925 0.8699999999999999 0.6717500000000001 0.8699999999999999 0.686 0.8630000000000001 0.71425 0.8373333328125 0.73 0.8126666671875 0.7365 0.7963333328125 0.73475 0.7806666671875 0.7212500000000001 0.748 0.72175 0.7446666671875 0.733 0.7353333328125 0.73375 0.731 0.7325 0.722 0.7255 0.71 0.7175 0.701 0.7035 0.6803333328125001 0.6765 0.6456666671875 0.6765 0.634 0.6775 0.6306666671875 0.686 0.6203333328125 0.6925 0.608 0.7 0.5980000000000001 0.709 0.5816666671874999 0.7125 0.5703333328125 0.7122499999999999 0.5593333328125001 0.7110000000000001 0.5546666671875 0.69775 0.532 0.6917500000000001 0.526 0.6849999999999999 0.5156666671875 0.679 0.511 0.67225 0.5026666671875 0.66475 0.49766666718749997 0.65925 0.491 0.6415 0.4813333328125 0.6335 0.48 0.63025 0.4813333328125 0.61925 0.491 0.6105 0.5056666671875 0.60175 0.5146666671875 0.5965 0.5243333328124999 0.59175 0.5266666671875 0.583 0.5269999999999999 0.56575 0.508 0.54825 0.475 0.5335 0.4533333328125 0.52925 0.4503333328125 0.521 0.4483333328125 0.5155000000000001 0.45066666718750004 0.50875 0.45999999999999996 0.503 0.46566666718749994
0 0.54825 0.024666667187499998 0.5427500000000001 0.071 0.5429999999999999 0.0783333328125 0.546 0.08299999999999999 0.5595 0.0826666671875 0.571 0.0863333328125 0.58675 0.08399999999999999 0.5965 0.08399999999999999 0.609 0.0853333328125 0.63425 0.0923333328125 0.6597500000000001 0.094 0.66975 0.0963333328125 0.67775 0.096 0.68225 0.0943333328125 0.683 0.0903333328125 0.6797500000000001 0.087 0.67425 0.08399999999999999 0.6695 0.07666666718750001 0.66325 0.07466666718750001 0.65125 0.068 0.6425 0.060333332812499994 0.5985 0.0283333328125 0.56925 0.0123333328125 0.5585 0.0083333328125 0.5547500000000001 0.0096666671875 0.5515 0.0136666671875 0.54825 0.024666667187499998
0 0.271 0.3166666671875 0.27 0.3306666671875 0.2725 0.353 0.272 0.3593333328125 0.27 0.36866666718749996 0.26575000000000004 0.37533333281250003 0.2625 0.378 0.2625 0.38 0.26325 0.382 0.27 0.3886666671875 0.27749999999999997 0.3936666671875 0.29175 0.397 0.30025 0.3943333328125 0.304 0.3916666671875 0.30474999999999997 0.3896666671875 0.306 0.3783333328125 0.30525 0.354 0.3095 0.3313333328125 0.31 0.2936666671875 0.3095 0.2903333328125 0.30724999999999997 0.28700000000000003 0.303 0.2843333328125 0.29474999999999996 0.2883333328125 0.27425 0.3043333328125 0.271 0.3166666671875
0 0.18075000000000002 0.6136666671875 0.1895 0.6153333328125 0.191 0.6176666671875 0.191 0.6203333328125 0.18825 0.625 0.1805 0.6263333328125 0.17775000000000002 0.6286666671875001 0.17225 0.6446666671875 0.1755 0.6486666671875 0.19025 0.649 0.20224999999999999 0.6523333328125 0.23224999999999998 0.6536666671875 0.25225 0.65 0.26575000000000004 0.65 0.27375 0.6456666671875 0.272 0.635 0.27025 0.6316666671875 0.2545 0.624 0.2415 0.6156666671875 0.229 0.6126666671875001 0.211 0.611 0.18825 0.606 0.17925 0.6053333328125 0.177 0.608 0.178 0.6116666671875 0.18075000000000002 0.6136666671875
0 0.261 0.7703333328124999 0.24874999999999997 0.8223333328125 0.246 0.8300000000000001 0.2475 0.8383333328125 0.2495 0.843 0.25125000000000003 0.845 0.2545 0.8443333328125 0.25875 0.8463333328125 0.2605 0.8496666671875 0.263 0.849 0.26549999999999996 0.8446666671875 0.27025 0.8146666671875 0.284 0.7553333328125 0.28450000000000003 0.7446666671875 0.2835 0.7403333328125 0.2805 0.7343333328125 0.27675 0.733 0.26975 0.7456666671875001 0.266 0.759 0.261 0.7703333328124999
0 0.368 0.6526666671875 0.3745 0.659 0.40199999999999997 0.6756666671875 0.4175 0.6776666671875 0.44125 0.678 0.44225000000000003 0.6753333328125 0.44299999999999995 0.6676666671875 0.44125 0.6573333328125 0.43624999999999997 0.659 0.4305 0.659 0.42424999999999996 0.6519999999999999 0.4135 0.6483333328125 0.40049999999999997 0.646 0.38175 0.6403333328125 0.36825 0.64 0.35924999999999996 0.642 0.355 0.6456666671875 0.368 0.6526666671875
0 0.47450000000000003 0.5356666671875 0.477 0.545 0.48274999999999996 0.5526666671875 0.485 0.5583333328125 0.49024999999999996 0.5666666671875 0.499 0.576 0.5037499999999999 0.5893333328125 0.513 0.6016666671875 0.51625 0.6086666671875001 0.5207499999999999 0.6116666671875 0.529 0.613 0.53025 0.6086666671875001 0.5265 0.6026666671875 0.5237499999999999 0.5923333328125 0.51475 0.5813333328125 0.509 0.568 0.504 0.562 0.497 0.5436666671875 0.49424999999999997 0.5403333328125 0.487 0.5353333328125001 0.48125 0.525 0.47824999999999995 0.5236666671875 0.47175 0.5283333328125 0.47175 0.532 0.47450000000000003 0.5356666671875
0 0.6537499999999999 0.29100000000000004 0.6487499999999999 0.304 0.6457499999999999 0.31766666718750003 0.6365000000000001 0.34199999999999997 0.6325000000000001 0.348 0.6255 0.3543333328125 0.628 0.3573333328125 0.63325 0.361 0.64375 0.365 0.64925 0.3643333328125 0.654 0.3596666671875 0.65575 0.354 0.657 0.3403333328125 0.666 0.318 0.6679999999999999 0.29733333281249996 0.6695 0.29100000000000004 0.67 0.281 0.669 0.27999999999999997 0.667 0.2836666671875 0.6587500000000001 0.2846666671875 0.6537499999999999 0.29100000000000004
0 0.58925 0.3673333328125 0.58975 0.378 0.59275 0.3826666671875 0.597 0.38333333281250004 0.6092500000000001 0.37033333281249997 0.61275 0.3543333328125 0.606 0.3516666671875 0.59675 0.3546666671875 0.5902499999999999 0.36466666718749996 0.58925 0.3673333328125
0 0.65425 0.7993333328125 0.66325 0.8146666671875 0.674 0.8376666671875 0.68275 0.8506666671875 0.68525 0.8566666671875 0.68975 0.8573333328125001 0.6917500000000001 0.8563333328124999 0.6950000000000001 0.8516666671875001 0.6955 0.849 0.68975 0.8353333328125 0.6855 0.828 0.6832499999999999 0.827 0.67825 0.819 0.67125 0.8113333328125 0.667 0.8009999999999999 0.659 0.7883333328125001 0.65075 0.7723333328125 0.6425 0.7606666671875 0.6385 0.751 0.63175 0.7423333328124999 0.62975 0.7443333328125 0.63 0.747 0.65425 0.7993333328125
0 0.7070000000000001 0.7326666671875001 0.709 0.7386666671875 0.7222500000000001 0.7603333328125 0.72475 0.7563333328125 0.72675 0.7453333328125 0.7304999999999999 0.736 0.731 0.732 0.73 0.7266666671875 0.72275 0.709 0.716 0.7030000000000001 0.70925 0.6923333328125 0.70575 0.6916666671875 0.702 0.6933333328125 0.7005 0.6956666671875 0.7070000000000001 0.7326666671875001