2 0 0 0 0.15521294218749998 0.0375 0.1515625 0.075 0.1390625 0.075 0.0484375 0.0625 0.009375 0.021875 0.015625 0.018968023437500002 0 0 0
2 0 0.50390625 0.084375 0.4828125 0.0890625 0.4546875 0.078125 0.4015625 0.1328125 0.3828125 0.1421875 0.3515625 0.140625 0.3 0.1140625 0.2375 0.096875 0.23125 0.0453125 0.2421875 0.025 0.1734375 0.009375 0.1625 0 0.1619140625 0 0.50390625
1 0.259375 0.215625 0.253125 0.209375 0.2375 0.203125 0.171875 0.278125 0.1609375 0.3046875 0.153125 0.3578125 0.1546875 0.409375 0.1640625 0.4484375 0.1875 0.49375 0.2328125 0.5515625 0.253125 0.5421875 0.259375 0.5359375 0.259375 0.215625
2 0.47791940781250003 0 0.478125 0.0015625 0.4671875 0.0109375 0.4359375 0.015625 0.3828125 0.040625 0.3671875 0.06875 0.365625 0.1046875 0.3921875 0.228125 0.415625 0.30625 0.428125 0.3375 0.440625 0.3515625 0.4765625 0.340625 0.8171875 0.1890625 0.859375 0.165625 0.86875 0.1484375 0.8703125 0.1109375 0.8640625 0.078125 0.8453125 0.071875 0.825 0.0828125 0.8140625 0.0796875 0.7953125 0.03125 0.7901041671875 0 0.47791940781250003 0
0 0.7795572921875 0 0.7203125 0.0546875 0.7171875 0.08125 0.709375 0.0921875 0.7171875 0.1375 0.7921875 0.115625 0.815625 0.096875 0.7875 0 0.7795572921875 0
0 0.715625 0.09375 0.7203125 0.065625 0.7015625 0.0625 0.6921875 0.0703125 0.6875 0.1109375 0.6921875 0.146875 0.7015625 0.146875 0.721875 0.1328125 0.715625 0.09375
0 0.671875 0.2453125 0.678125 0.2375 0.6984375 0.234375 0.7078125 0.225 0.7234375 0.2234375 0.753125 0.2078125 0.759375 0.1984375 0.775 0.19375 0.78125 0.1828125 0.796875 0.18125 0.8 0.165625 0.8609375 0.159375 0.871875 0.13125 0.8703125 0.0875 0.8625 0.071875 0.84375 0.071875 0.8296875 0.078125 0.7921875 0.1140625 0.7453125 0.1265625 0.65 0.16875 0.659375 0.209375 0.6671875 0.2203125 0.665625 0.23125 0.6515625 0.240625 0.6515625 0.246875 0.671875 0.2453125
2 0.2828125 0.6 0.2875 0.6328125 0.315625 0.7609375 0.3234375 0.7671875 0.36875 0.7671875 0.4703125 0.753125 0.4796875 0.7390625 0.46875 0.703125 0.471875 0.6921875 0.5375 0.6828125 0.5515625 0.6734375 0.5401670265625 0.6 0.2828125 0.6
1 0.5765625 0.671875 0.5296875 0.7078125 0.5125 0.7453125 0.5171875 0.8328125 0.61875 0.828125 0.659375 0.8125 0.6625 0.775 0.73125 0.771875 0.74375 0.7640625 0.753125 0.7359375 0.7546875 0.703125 0.74375 0.66875 0.7265625 0.6578125 0.6578125 0.6546875 0.5765625 0.671875
1 0.7536458328125 1 0.7609375 0.99375 0.765625 0.928125 0.75625 0.9015625 0.746875 0.8921875 0.7296875 0.884375 0.6796875 0.884375 0.6734375 0.8765625 0.675 0.8390625 0.6671875 0.8328125 0.5609375 0.83125 0.5234375 0.834375 0.515625 0.85 0.51875 0.9265625 0.5328125 0.95625 0.5578125 0.9828125 0.584375 0.996875 0.6013392859375 1 0.7536458328125 1
2 1 0.89609375 0.9921875 0.8765625 0.975 0.859375 0.9078125 0.853125 0.9 0.84375 0.896875 0.8140625 0.8875 0.8 0.8328125 0.7953125 0.759375 0.8046875 0.753125 0.8140625 0.765625 0.9296875 0.76328125 1 0.91875 1 0.9203125 0.99375 0.9109375 0.9828125 0.9140625 0.9734375 0.98125 0.9625 0.9953125 0.9546875 1 0.94296875 1 0.89609375