2 0.55 0 0.342741578125 0 0.05625 0.1609375 0.028125 0.16875 0.0046875 0.1921875 0 0.215625 0.0296875 0.2734375 0.09375 0.3390625 0.1078125 0.3421875 0.1453125 0.33125 0.159375 0.33125 0.171875 0.34375 0.2078125 0.3390625 0.3453125 0.275 0.3578125 0.2796875 0.40625 0.328125 0.4453125 0.3453125 0.509375 0.3359375 0.55 0.3128800671875 0.55 0.1827724359375 0.5390625 0.16875 0.55 0.162567934375 0.55 0
0 0.09140625 0.23984375 0.159375 0.042578125
0 0.1671875 0.2015625 0.1375 0.056640625
2 1 0 0.8641091421875 0 0.621875 0.146875 0.621875 0.1859375 0.6765625 0.371875 0.690625 0.4 0.7171875 0.409375 0.7609375 0.565625 0.778125 0.56875 0.790625 0.5640625 0.95 0.4578125 0.9921875 0.4375 1 0.4453125 1 0
0 0.76953125 0.16328125 0.3078125 0.153125
0 0.815625 0.43359375 0.303125 0.23125
0 0.97421875 0.27421875 0.0515625 0.1671875
2 0.55 0.7 0.5328125 0.696875 0.2171875 0.753125 0 0.7972412109375 0 1 0.49665178593750003 1 0.55 0.9943418562499999 0.55 0.7
0 0.55 1 0.55 0.9155 0.4578125 0.9265625 0.3875 0.9453125 0.3796875 0.95 0.3721875 1 0.503125 1 0.55 1
0 0.55 0.7065896734375 0.5234375 0.703125 0.428125 0.715625 0.4 0.7265625 0.4015625 0.7328125 0.4140625 0.7375 0.4546875 0.740625 0.55 0.7344358765625 0.55 0.7065896734375
0 0.6335069437499999 1 0.6390625 0.99375 0.6640625 0.9265625 0.66875 0.875 0.678125 0.85625 0.7 0.840625 0.690625 0.828125 0.6828125 0.7984375 0.6796875 0.7375 0.6734375 0.7328125 0.665625 0.759375 0.6421875 0.8 0.6421875 0.8546875 0.63125 0.8921875 0.5875 0.9390625 0.5671875 0.9734375 0.5734375 0.9875 0.5921875 1 0.6335069437499999 1
2 0.55 0.5796875 0.55 1 0.55419921875 1 0.5625 0.9921875 0.5875 0.996875 0.5930555562500001 1 0.6317708328125 1 0.6515625 0.9703125 0.6859375 0.8703125 0.696875 0.8578125 0.721875 0.8578125 0.8125 0.878125 0.840625 0.8734375 0.8703125 0.840625 0.8953125 0.778125 0.8953125 0.7359375 0.8859375 0.721875 0.865625 0.709375 0.759375 0.6765625 0.7625 0.6515625 0.8028508765625 0.5796875 0.55 0.5796875