0 0.044357637500000005 0.7315410531250001 0.0476256125 0.7330116421875 0.0534426078125 0.734375 0.081986990625 0.734375 0.0953380296875 0.7315410531250001 0.09893280156249999 0.728844975 0.1005667875 0.72492340625 0.109375 0.719638478125 0.109375 0.7178462015625 0.1087367234375 0.71708026875 0.105795546875 0.7163449749999999 0.09207005625 0.7178155640625 0.07115502343749999 0.7168351718749999 0.058736723437500006 0.7143841906249999 0.0515471796875 0.7143841906249999 0.0450112328125 0.7156096812499999 0.04370404375 0.7173253671875 0.0430504484375 0.7290900734375001 0.044357637500000005 0.7315410531250001
0 0.373876634375 0.618535540625 0.378125 0.6160845593750001 0.3872753265625 0.6062806375 0.3875 0.6035845640625 0.3875 0.6022476593749999 0.384007353125 0.5984375 0.369955065625 0.5989276968749999 0.3459309140625 0.596875 0.34274237812499997 0.596875 0.3307393796875 0.598192403125 0.319955065625 0.6006433828125 0.31636029374999997 0.6033394609375 0.3157067 0.60530024375 0.3186478765625 0.6109375 0.3228962421875 0.6136335796875001 0.331719771875 0.6155943625 0.35664121249999997 0.61875 0.3723515890625 0.61875 0.373876634375 0.618535540625
0 0.382455065625 0.9316789218749999 0.3811478765625 0.8946691171874999 0.3795138890625 0.8909926468750001 0.3759191171875 0.8878063718749999 0.372324346875 0.8865808828125001 0.3677491828125 0.8865808828125001 0.36154003281249997 0.8870710781250001 0.35761846406250003 0.8885416671874999 0.3540236921875 0.8917279406249999 0.3514093140625 0.8966299015625001 0.348141340625 0.9309436281250001 0.34389297343749997 0.9527573531249999 0.344219771875 0.9591299015625001 0.34781454218749996 0.960600490625 0.35631127500000004 0.96011029375 0.3608864375 0.9588848046875 0.3782067 0.9463848046875001 0.380167484375 0.941727940625 0.382455065625 0.9316789218749999
0 0.2360498359375 0.9684436281250001 0.24291258125 0.9655024515624999 0.24585375781250002 0.959375 0.24421977187500002 0.9341299015625001 0.24520016406249998 0.9079044125 0.24258578437499997 0.8963848046875 0.2380106203125 0.8929534312499999 0.23180147031249998 0.8912377453125 0.22428513125 0.8939338234375 0.219056371875 0.8983455875 0.21480800625000002 0.9064338234375 0.2118668296875 0.9208946078124999 0.20859885625 0.9287377453125 0.20565767968749998 0.9324142156249999 0.19683414999999999 0.9385416671875 0.194873365625 0.9414828437499999 0.194219771875 0.94613970625 0.205004084375 0.9596200984374998 0.21840277812500003 0.9647671562500001 0.2314746734375 0.9684436281250001 0.2360498359375 0.9684436281250001
0 0.340951796875 0.771875 0.344219771875 0.7669730390625 0.34389297343749997 0.7552083328125001 0.3393178109375 0.7431985296875 0.33441584999999996 0.73829656875 0.3275531046875 0.735600490625 0.31938317031249996 0.7338848046875001 0.2978145421875 0.7316789218749999 0.28441584999999997 0.7314338234375001 0.268729575 0.7358455875000001 0.2595792484375 0.7405024515624999 0.256638071875 0.743443628125 0.25794526093750003 0.754227940625 0.25892565312500004 0.756188725 0.2638276140625 0.7598651953125 0.2827818625 0.77113970625 0.2935661765625 0.7748161765624999 0.30761846406250004 0.7777573531249999 0.322324346875 0.7782475484375 0.3314746734375 0.7767769609374999 0.336376634375 0.775061275 0.340951796875 0.771875
0 0.1278303875 0.509375 0.10729166718750001 0.5243259796874999 0.094873365625 0.5353553921875001 0.090625 0.5424632359375 0.090625 0.552757353125 0.0922589875 0.555943628125 0.0958537578125 0.5588848046875 0.11317402031249998 0.56795343125 0.130821078125 0.5723651953125 0.1458537578125 0.5723651953125 0.16023284375 0.568688725 0.17003676406249998 0.5586397062499999 0.1733047390625 0.550306371875 0.1736315359375 0.5390318625 0.16807597968750002 0.5277573531249999 0.1530433 0.512561275 0.14912173281250002 0.509375 0.1278303875 0.509375
0 0.1200367640625 0.7882965687500001 0.10729166718750001 0.7882965687500001 0.0733047390625 0.7858455875000001 0.0654616015625 0.7873161765625 0.060559640625 0.7897671562499999 0.055984476562499996 0.8012867640625 0.0514093140625 0.8049632359375 0.052716503125 0.8066789218749999 0.0674223859375 0.8074142156249999 0.0873570265625 0.8054534312499999 0.11023284375 0.80079656875 0.1282067 0.7985906859374999 0.130167484375 0.796875 0.126245915625 0.7941789218749999 0.12395833281249999 0.7900122546875 0.1200367640625 0.7882965687500001
0 0.55 0.5585477921875001 0.54912173125 0.5598651953125 0.5471609484375 0.5662377453125 0.5389910125 0.5765318625 0.5360498359375 0.58363970625 0.5282066999999999 0.5922181375 0.5255923203124999 0.5985906859375 0.5180759796875 0.6091299015625 0.519056371875 0.61648284375 0.5216707515625 0.61648284375 0.5275531046874999 0.608149509375 0.53506944375 0.603492646875 0.538664215625 0.5963848046875 0.5435661765625001 0.5919730390625 0.55 0.5812256296875 0.55 0.5585477921875001
0 0.296507353125 0.5588848046875 0.2615400328125 0.55545343125 0.255004084375 0.5530024515624999 0.251082515625 0.5530024515624999 0.2514093140625 0.5598651953125 0.2553308828125 0.5615808828125 0.280821078125 0.5659926468750001 0.2912785953125 0.5696691171875 0.3298406859375 0.5782475484375 0.36709558750000004 0.58511029375 0.378533496875 0.5860906859374999 0.386376634375 0.5846200984375 0.3857230390625 0.57726715625 0.3739583328125 0.573100490625 0.3559844765625 0.5701593140625001 0.34029820312500003 0.5659926468750001 0.3095792484375 0.562561275 0.296507353125 0.5588848046875
0 0.3108864375 0.8919730390625 0.308272059375 0.8909926468750001 0.29814134062500003 0.8993259796874999 0.294873365625 0.90545343125 0.288664215625 0.961335784375 0.290298203125 0.9674632359374999 0.2955269609375 0.9701593140625 0.3014093140625 0.9694240203125 0.30696486875 0.9655024515624999 0.312520425 0.9566789218749999 0.314481209375 0.9505514703125 0.3157883984375 0.9326593140625 0.3151348046875 0.9069240203125 0.312520425 0.894914215625 0.3108864375 0.8919730390625
1 0.05238970625 0.7914828437500001 0.05402369218750001 0.7946691171875 0.0494485296875 0.8003063718749999 0.044219771875 0.8042279406249999 0.034742646875 0.8088848046875 0.0295138890625 0.814522059375 0.027879901562499997 0.82113970625 0.0298406859375 0.8297181375000001 0.03212826875 0.8341299015625001 0.039317810937499996 0.83976715625 0.044219771875 0.841727940625 0.08408905156249999 0.8424632359374999 0.14912173125 0.84148284375 0.16611519531250002 0.8424632359374999 0.1716707515625 0.8439338234375 0.176245915625 0.8485906859375 0.17951388906250001 0.8583946078124999 0.176899509375 0.8865808828125001 0.178533496875 0.9184436281250001 0.1818014703125 0.9400122546875 0.1853962421875 0.946875 0.19520016406250001 0.9559436281250001 0.2059844765625 0.962561275 0.23212826875 0.969914215625 0.2471609484375 0.9723651953125 0.2700367640625 0.9743259796875 0.2759191171875 0.9735906859375 0.282455065625 0.9713848046875 0.2876838234375 0.95863970625 0.290625 0.9353553921875001 0.2919321890625 0.9083946078124999 0.2952001640625 0.8924632359375 0.298794934375 0.8860906859375 0.3046772875 0.8880514703125 0.306311275 0.8934436281250001 0.30761846406250004 0.9223651953124999 0.3056576796875 0.9588848046875 0.3095792484375 0.9674632359374999 0.31480800625 0.9716299015625001 0.32265114375000004 0.9726102937500001 0.33278186249999997 0.9677083328125 0.3612132359375 0.9596200984374998 0.3693831703125 0.9544730390625 0.37886029374999997 0.9466299015625002 0.3837622546875 0.9353553921875001 0.386376634375 0.921875 0.38833741875 0.880943628125 0.386376634375 0.8047181375000001 0.38506944375 0.79613970625 0.3752655234375 0.7667279406249999 0.3674223859375 0.7564338234375001 0.3657883984375 0.745649509375 0.358925653125 0.7429534312499999 0.3501021234375 0.7287377453125 0.33049428125 0.714522059375 0.3112132359375 0.70226715625 0.284742646875 0.6892769609375 0.24585375781250002 0.6794730390625 0.23408905156249998 0.6780024515624999 0.16840277812499999 0.6775122546875 0.14029820312500002 0.6782475484375 0.08212826875 0.681678921875 0.056638071874999994 0.6819240203125 0.044219771875 0.68511029375 0.038664215625 0.690257353125 0.036049835937500004 0.69613970625 0.0298406859375 0.7299632359375 0.0259191171875 0.7647671562499999 0.0259191171875 0.779227940625 0.027879901562499997 0.7838848046875 0.030494281249999998 0.7860906859375 0.0452001640625 0.7880514703125 0.05238970625 0.7914828437500001
2 0 0.509375 0 0.5949133375 0.068402778125 0.5978553921875001 0.1599060453125 0.606188725 0.23343545781250002 0.60863970625 0.2938929734375 0.61329656875 0.314481209375 0.61329656875 0.36644199375 0.6189338234375 0.3733047390625 0.6189338234375 0.380821078125 0.615992646875 0.38604983593750003 0.6115808828125 0.38997140468749997 0.605943628125 0.3935661765625 0.58976715625 0.401082515625 0.5728553921875 0.40304330000000005 0.5655024515625 0.4053308828125 0.5422181375 0.40827205937500005 0.5294730390625 0.40761846406249996 0.5196691171875 0.40565767968750005 0.515257353125 0.3962459140625 0.509375 0 0.509375
2 0.55 0.521272059375 0.548141340625 0.52261029375 0.53049428125 0.544178921875 0.522324346875 0.5517769609375 0.5170955875 0.5586397062499999 0.472977940625 0.60545343125 0.4099060453125 0.6782475484375 0.39127859531250003 0.7025122546875 0.37886029374999997 0.7142769609374999 0.3677491828125 0.730943628125 0.3680759796875 0.740992646875 0.3693831703125 0.7439338234375 0.37265114375 0.745649509375 0.380167484375 0.7547181375 0.38866421562500003 0.7610906859375 0.39650735312499996 0.7696691171875 0.40925245156249995 0.7777573531249999 0.4141544125 0.7782475484375 0.4200367640625 0.777022059375 0.42559232031249994 0.773100490625 0.43049428125 0.765992646875 0.43931781093750005 0.756678921875 0.44912173125 0.7405024515624999 0.47265114375 0.708149509375 0.4818014703125 0.700061275 0.48572303906250003 0.6941789218750001 0.48964460781249997 0.6944240203125001 0.49225898749999997 0.6993259796875 0.492585784375 0.706188725 0.4889910125 0.7174632359374999 0.48212826875000003 0.7289828437500001 0.4782067 0.7431985296875 0.470690359375 0.758149509375 0.4674223859375 0.7691789218749999 0.4599060453125 0.7802083328125 0.45565767968750004 0.790992646875 0.456311275 0.7958946078125 0.4631740203125 0.8025122546875 0.4719975484375 0.8059436281250001 0.4853962421875 0.809375 0.49454656874999997 0.8066789218749999 0.49944852968750003 0.8037377453125 0.510559640625 0.790257353125 0.5278799015625 0.773100490625 0.5458537578125 0.752022059375 0.5497753265624999 0.7485906859375 0.55 0.748548559375 0.55 0.521272059375
0 0.428533496875 0.7743259796874999 0.4298406859375 0.77113970625 0.43212826875 0.7696691171875 0.444219771875 0.770649509375 0.4546772875 0.77726715625 0.4641544125 0.7767769609374999 0.46644199375 0.7755514703124999 0.47984068593750007 0.74761029375 0.48703022812499996 0.7238357843750001 0.49127859531249995 0.7152573531249999 0.49225898749999997 0.7015318625 0.490625 0.6939338234375001 0.48833741875000003 0.69295343125 0.4837622546875 0.700306371875 0.474611928125 0.7052083328125 0.4615400328125 0.71795343125 0.44781454218750005 0.7419730390625 0.4337622546875 0.76011029375 0.42493872499999996 0.765992646875 0.4170955875 0.7681985296875 0.412847221875 0.7708946078125 0.4112132359375 0.7735906859374999 0.414481209375 0.77579656875 0.4197099671875 0.7777573531249999 0.42265114375 0.7777573531249999 0.428533496875 0.7743259796874999
0 0 0.53424688125 0.006638071875 0.5338848046875 0.027553104687500003 0.5395220593750001 0.0318014703125 0.5395220593750001 0.03506944375 0.535600490625 0.036049835937500004 0.5299632359374999 0.03506944375 0.5277573531249999 0.03212826875 0.525306371875 0.0272263078125 0.5240808828125 0.0197099671875 0.523100490625 0.0046772875 0.523835784375 0 0.5230731828125 0 0.53424688125
0 0.703564134375 0.598223040625 0.7078125 0.595772059375 0.7169628265625001 0.5859681375 0.7171875 0.5832720640625 0.7171875 0.581935159375 0.713694853125 0.578125 0.699642565625 0.578615196875 0.6756184140625 0.5765625 0.672429878125 0.5765625 0.6604268796875 0.577879903125 0.649642565625 0.5803308828125 0.64604779375 0.5830269609375 0.6453941999999999 0.58498774375 0.6483353765625 0.590625 0.6525837421875 0.5933210796874999 0.661407271875 0.5952818625 0.6863287125 0.5984375 0.7020390890625 0.5984375 0.703564134375 0.598223040625
0 1 0.5416801828125 0.9931664453125 0.540625 0.992606203125 0.540625 0.989501634375 0.5417892140625 0.9865604578125 0.54448529375 0.9761029421874999 0.5555147046875 0.9734885609374999 0.5604166671875 0.9715277765625 0.572181371875 0.9734885609374999 0.57512255 0.9787236046875 0.578125 0.9804534296875002 0.578125 0.9865604578125 0.57732843125 1 0.57274676875 1 0.5416801828125
0 0.8822150734375 0.667493871875 0.885483046875 0.6719056390625 0.890898178125 0.675 0.9053033078125001 0.675 0.90770526875 0.6743566171875 0.923718340625 0.6677389703125 0.93125 0.6611864265625 0.93125 0.654648078125 0.9260059234375 0.64469975625 0.9168555953125 0.6395526968749999 0.9050908906250001 0.638817403125 0.8992085375000001 0.64004289375 0.8903850078125 0.644209559375 0.883849059375 0.6500919125 0.8802542890625 0.6564644625 0.8796875 0.6602902828125 0.8796875 0.661095953125 0.8822150734375 0.667493871875
0 0.712142565625 0.9113664218749999 0.7108353765625 0.8743566171874999 0.7092013890625 0.8706801468750001 0.7056066171875 0.8674938718749999 0.702011846875 0.8662683828125001 0.6974366828124999 0.8662683828125001 0.6912275328125 0.866758578125 0.6873059640625 0.8682291671875 0.6837111921875 0.871415440625 0.6810968140625 0.8763174015625002 0.6778288406249999 0.9106311281250001 0.6735804734374999 0.9324448531249999 0.673907271875 0.9388174015625002 0.6775020421875 0.940287990625 0.6859987750000001 0.93979779375 0.6905739375 0.9385723046875001 0.7078941999999999 0.9260723046875 0.7098549843749999 0.9214154406249999 0.712142565625 0.9113664218749999
0 0.55 0.9449917656250001 0.5611621734375001 0.9481311281250001 0.5657373359375 0.9481311281250001 0.57260008125 0.9451899515625 0.5755412578125 0.9390625 0.573907271875 0.9138174015625001 0.5748876640625 0.8875919124999999 0.572273284375 0.8760723046875001 0.5676981203125 0.87264093125 0.5614889703125 0.8709252453125 0.55397263125 0.8736213234375001 0.55 0.8769732296875 0.55 0.9449917656250001
0 0.670639296875 0.7515625 0.673907271875 0.7466605390625001 0.6735804734374999 0.7348958328125 0.6690053109375 0.7228860296875 0.66410335 0.7179840687500001 0.6572406046875 0.715287990625 0.6490706703125 0.7135723046875 0.6275020421875 0.711366421875 0.6141033499999999 0.7111213234375 0.598417075 0.7155330875000001 0.5892667484375 0.7201899515625 0.586325571875 0.723131128125 0.5876327609375 0.7339154406249999 0.5886131531250001 0.7358762249999999 0.5935151140625 0.7395526953125 0.6124693625 0.75082720625 0.6232536765625001 0.7545036765625 0.6373059640625 0.757444853125 0.652011846875 0.7579350484375 0.6611621734375 0.7564644609375 0.666064134375 0.754748775 0.670639296875 0.7515625
0 0.8513582515625 0.59617034375 0.8572406046874999 0.587837009375 0.86475694375 0.583180146875 0.868351715625 0.5760723046875 0.8732536765625 0.5716605390625 0.88044321875 0.5596507359375 0.886325571875 0.5537683828125 0.8915543296875 0.5434742640625 0.8977634796875 0.537837009375 0.906587009375 0.524601715625 0.9108353765625001 0.5155330874999999 0.9078942 0.5111213234374999 0.90397263125 0.510631128125 0.8974366828125 0.5125919125 0.8948223046875 0.5145526953124999 0.8882863562499999 0.52264093125 0.8850183828125001 0.5302389703125 0.87880923125 0.5395526953124999 0.8768484484375 0.5459252453125 0.8686785125 0.5562193625 0.8657373359375 0.56332720625 0.8578941999999999 0.5719056375 0.8552798203125 0.5782781859374999 0.8477634796875 0.5888174015625001 0.8487438718749999 0.59617034375 0.8513582515625 0.59617034375
0 0.626194853125 0.5385723046875001 0.5912275328125001 0.5351409312500001 0.584691584375 0.5326899515625 0.580770015625 0.5326899515625 0.5810968140625 0.5395526953124999 0.5850183828125 0.5412683828125 0.6105085781249999 0.545680146875 0.6209660953125 0.5493566171875 0.6595281859375 0.5579350484375001 0.6967830875 0.56479779375 0.708220996875 0.5657781859375 0.716064134375 0.5643075984375 0.7154105390625001 0.5569546562500001 0.7036458328124999 0.552787990625 0.6856719765625 0.5498468140625 0.6699857031249999 0.545680146875 0.6392667484375 0.542248775 0.626194853125 0.5385723046875001
0 0.6405739374999999 0.8716605390625001 0.637959559375 0.8706801468750001 0.627828840625 0.8790134796875 0.624560865625 0.8851409312499999 0.618351715625 0.941023284375 0.619985703125 0.9471507359375 0.6252144609375 0.9498468140625 0.6310968140625001 0.9491115203125 0.63665236875 0.9451899515625 0.642207925 0.936366421875 0.6441687093749999 0.9302389703125 0.6454758984375 0.9123468140625001 0.6448223046875 0.8866115203125 0.642207925 0.874601715625 0.6405739374999999 0.8716605390625001
1 0.55 0.9462785312499999 0.56181576875 0.949601715625 0.5768484484374999 0.9520526953124999 0.5997242640625 0.9540134796874999 0.6056066171875 0.9532781859374999 0.612142565625 0.9510723046875 0.6173713234375 0.93832720625 0.6203125 0.9150428921875001 0.6216196890625 0.8880821078124999 0.6248876640625001 0.8721507359375 0.628482434375 0.8657781859375 0.6343647875 0.8677389703125 0.635998775 0.873131128125 0.6373059640625 0.9020526953125 0.6353451796874999 0.9385723046875001 0.6392667484375 0.9471507359375 0.64449550625 0.9513174015625001 0.6523386437500001 0.95229779375 0.6624693625 0.9473958328125001 0.6909007359375 0.9393075984374999 0.6990706703125 0.9341605390625001 0.70854779375 0.9263174015625001 0.7134497546875 0.9150428921875001 0.716064134375 0.9015625 0.7180249187500001 0.8606311281250001 0.716064134375 0.7844056375 0.71475694375 0.77582720625 0.7049530234375 0.746415440625 0.6971098859375 0.7361213234375 0.6954758984375 0.725337009375 0.688613153125 0.72264093125 0.6797896234375 0.7084252453125 0.66018178125 0.6942095593750001 0.6409007359375 0.6819546562500001 0.614430146875 0.6689644609375 0.5755412578125 0.6591605390625 0.5637765515625001 0.6576899515625 0.55 0.657587140625 0.55 0.9462785312499999
2 0.8720383984375001 0.509375 0.86018178125 0.523866421875 0.8520118468749999 0.5314644609375 0.8467830875000001 0.53832720625 0.802665440625 0.58514093125 0.7395935453125 0.6579350484375001 0.7209660953125 0.6821997546875 0.70854779375 0.6939644609375 0.6974366828124999 0.710631128125 0.6977634796875 0.720680146875 0.6990706703125 0.7236213234375001 0.70233864375 0.725337009375 0.7098549843749999 0.7344056375 0.718351715625 0.7407781859375 0.726194853125 0.7493566171875 0.7389399515624999 0.757444853125 0.7438419125 0.7579350484375 0.7497242640625 0.7567095593750001 0.7552798203125001 0.752787990625 0.76018178125 0.7456801468750001 0.7690053109375 0.7363664218749999 0.77880923125 0.7201899515625 0.8023386437500001 0.687837009375 0.8114889703125 0.679748775 0.8154105390625 0.673866421875 0.8193321078124999 0.6741115203125 0.8219464875 0.6790134796875 0.822273284375 0.685876225 0.8186785125 0.6971507359375 0.81181576875 0.7086703437499999 0.8078942 0.7228860296875 0.800377859375 0.737837009375 0.7971098859375 0.748866421875 0.7895935453125 0.7598958328125001 0.7853451796875 0.770680146875 0.785998775 0.7755821078125 0.7928615203125 0.7821997546875 0.8016850484375 0.785631128125 0.8150837421875 0.7890625 0.82423406875 0.7863664218749999 0.8291360296875 0.7834252453125 0.840247140625 0.7699448531249999 0.8575674015625001 0.752787990625 0.8755412578125 0.731709559375 0.8794628265625001 0.7282781859374999 0.88207720625 0.727787990625 0.8931883171875 0.7280330875000001 0.9147569437499999 0.742248775 0.927828840625 0.7486213234375001 0.94612949375 0.7552389703125 0.9572406046874999 0.760876225 0.9696589046875002 0.762837009375 0.9837111921874999 0.7591605390625 1 0.7511433921874999 1 0.638220425 0.9817504078125001 0.6309742640625 0.9752144609375 0.6236213234375001 0.9752144609375 0.6204350484375001 0.9817504078125001 0.6098958328124999 0.9902471406250001 0.6020526953124999 1 0.5906347140625 1 0.5405157140625 0.942207925 0.510631128125 0.9374226765625 0.509375 0.92548723125 0.509375 0.9163909312499999 0.51479779375 0.9092013890625001 0.5138174015625 0.9069138078125001 0.5116115203125 0.9059721156249999 0.509375 0.8720383984375001 0.509375
0 1 0.7178214687500001 0.9912275328125 0.7135723046875 0.9748876640624999 0.702787990625 0.9693321078124999 0.6971507359375 0.96018178125 0.692493871875 0.9418811281250001 0.6868566171875 0.9353451796875 0.6868566171875 0.93044321875 0.6875919125000001 0.92880923125 0.6888174015625 0.9281556375000001 0.69445465625 0.9294628265625 0.6969056375 0.9418811281250001 0.7030330874999999 0.9458026953124999 0.7071997546875 0.9539726312500001 0.710876225 0.960508578125 0.7162683828125 0.9768484484375 0.725337009375 0.9843647875 0.7319546562499999 0.9964562906250001 0.7366115203125 0.9987438718749999 0.740287990625 1 0.7406244531249999 1 0.7178214687500001
0 0.758220996875 0.7540134796875 0.7595281859374999 0.75082720625 0.76181576875 0.7493566171875 0.773907271875 0.750337009375 0.7843647875 0.7569546562499999 0.7938419124999999 0.7564644609375 0.79612949375 0.7552389703125 0.8095281859375 0.72729779375 0.816717728125 0.703523284375 0.8209660953125001 0.694944853125 0.8219464875 0.6812193625 0.8203125 0.6736213234375 0.8180249187499999 0.6726409312499999 0.8134497546875 0.679993871875 0.804299428125 0.6848958328125 0.7912275328125 0.6976409312499999 0.7775020421875001 0.7216605390625 0.7634497546875 0.73979779375 0.754626225 0.7456801468750001 0.7467830875 0.7478860296875001 0.742534721875 0.7505821078125 0.7409007359374999 0.7532781859375 0.744168709375 0.7554840687500001 0.7493974671875 0.757444853125 0.75233864375 0.757444853125 0.758220996875 0.7540134796875