0 0.4015625 0.0921875 0.09765625 0.080859375
0 0.1 0.22421875 0.04375 0.0296875
0 0.2828125 0.15 0.11875 0.040625
0 0.05234375 0.12890625 0.1046875 0.0453125
2 0.2963277953125 0.2390625 0.3053002453125 0.22429534218749997 0.32588848125 0.17674632343750002 0.3291564546875 0.1676776953125 0.3268688734375 0.15958946093749998 0.334375 0.1485648375 0.334375 0.1433331125 0.332424428125 0.14145220625 0.32065972343750004 0.137040440625 0.28013684687499996 0.127726715625 0.273927696875 0.1247855390625 0.2686989390625 0.123805146875 0.26379697812499997 0.1201286765625 0.24941789218750002 0.1189031859375 0.21510416718749997 0.11228553906250001 0.09190155312500001 0.0843443625 0.0654309640625 0.079197303125 0.0451695265625 0.073805146875 0.03209763125 0.07110906875 0.0252348859375 0.0708639703125 0.017718546874999998 0.0740502453125 0.007914625 0.0821384796875 0.0007250828125 0.08973651875000001 0 0.09079474843749999 0 0.11402573593750001 0.013143382812500002 0.11645220625 0.0151041671875 0.1201286765625 0.0124897875 0.127726715625 0.007261029687499999 0.1360600484375 0.0049734484375 0.1375306375 0 0.1382766546875 0 0.18128282499999998 0.049744690625 0.1919424015625 0.058895017187499996 0.1958639703125 0.0608558015625 0.1992953421875 0.0608558015625 0.2032169109375 0.058895017187499996 0.21056985312499998 0.0484375 0.22870710781249998 0.044835625000000004 0.2390625 0.2025081703125 0.2390625 0.203666259375 0.2340992640625 0.20562704375 0.23164828437499999 0.2088950171875 0.23042279375 0.2229473046875 0.23213847968749998 0.2552593984375 0.2390625 0.2963277953125 0.2390625
2 0.4259191140625 0 0.4241217328125 0.0004289203125 0.415298203125 0.007291665625000001 0.4077818640625 0.011458334375 0.324775328125 0.0776348046875 0.3103962421875 0.09160539375 0.306801471875 0.0965073515625 0.30712826875 0.10018382343750001 0.3103962421875 0.106311275 0.3407884 0.1273897046875 0.34863153593749996 0.131556371875 0.357455065625 0.138664215625 0.365298203125 0.1425857859375 0.393729575 0.1643995109375 0.4087622546875 0.1751838234375 0.41497140625 0.178370096875 0.4244485296875 0.1864583328125 0.43098447812499996 0.1898897046875 0.45843545781249995 0.2102328421875 0.4796875 0.2231688671875 0.4796875 0.031850817187500005 0.466932190625 0.0183210796875 0.44765114375000004 0.00238970625 0.44209558906249996 0.000183825 0.440747540625 0 0.4259191140625 0
0 0 0.14573136874999998 0.014476103125 0.14799325937500002 0.032245728125 0.1484375 0.0588908359375 0.1484375 0.07983558125 0.1462775734375 0.0974826390625 0.1462775734375 0.1078125 0.14313019375 0.1078125 0.1426536203125 0.105652575 0.1352481609375 0.103364990625 0.13279718125 0.0827767578125 0.1271599265625 0.06578329375 0.121032475 0.049443421875 0.1188265921875 0.0259140125 0.11760110312500001 0 0.1143974484375 0 0.14573136874999998
0 0.11488247656249999 0.2390625 0.1203125 0.225882353125 0.1203125 0.21279488125 0.11652369375 0.20853247343749998 0.11162173281250001 0.20755208125000002 0.10247140625 0.2168658078125 0.0975694453125 0.2266697296875 0.091033496875 0.2350030625 0.089333390625 0.2390625 0.11488247656249999 0.2390625
0 0.21374591562499998 0.14368872500000002 0.2307393796875 0.148835784375 0.2392361109375 0.153492646875 0.275183821875 0.1657475484375 0.29502314531249996 0.1671875 0.32667483750000004 0.1671875 0.3277982015625 0.1655024515625 0.328125 0.163623359375 0.328125 0.157694328125 0.32649101406250003 0.15226715625 0.3199550640625 0.153492646875 0.312438725 0.153492646875 0.30426879218749997 0.1483455875 0.2902165046875 0.1456495109375 0.27322304062499997 0.1439338234375 0.24871323437499998 0.13976715625 0.2310661765625 0.139522059375 0.21930147031249997 0.140992646875 0.21374591562499998 0.14368872500000002
0 0.374596609375 0.054503678124999996 0.366099878125 0.05793505 0.366099878125 0.060631128125 0.3696946484375 0.06332720625 0.3729626234375 0.07018995156249999 0.3804789625 0.07582720625 0.3834201390625 0.079993871875 0.390282884375 0.086121325 0.4017207921875 0.0929840703125 0.40792994218749995 0.1027879890625 0.420021446875 0.1118566171875 0.42426981250000007 0.11700367812500001 0.4289266734375 0.11875 0.441674915625 0.11875 0.4421875 0.1177504609375 0.4421875 0.116659009375 0.4376685046875 0.1125919125 0.43407373437499996 0.104993871875 0.42230902812500004 0.0969056375 0.4147926875 0.08710171718750001 0.408256740625 0.0826899515625 0.39910641406249997 0.069209559375 0.3955116421875 0.0667585796875 0.38603451875 0.063082109375 0.378518178125 0.0554840703125 0.374596609375 0.054503678124999996
2 0.487770884375 0 0.480014296875 0.011351103125000001 0.4796875 0.012282475 0.4796875 0.034040178125 0.4813214875 0.035615809375 0.4986417484375 0.046400121875 0.5025633171874999 0.05056678906249999 0.50223651875 0.053507965625 0.49308619218749994 0.06551776875000001 0.48981821875 0.0736060046875 0.4907986109375 0.0888020828125 0.4926458328125 0.09375 0.5492532921875 0.09375 0.5607332515625 0.0907628671875 0.5708639703125 0.081694240625 0.5803410953125 0.0689491421875 0.6006025328125 0.045909926562499995 0.609752859375 0.033164828125000004 0.6251123359374999 0.015762867187499998 0.6265625 0.011412374999999999 0.6265625 0 0.487770884375 0
0 0.59296875 0.02890625 0.028125 0.0421875
0 0.5546875 0.0078125 0.025 0.015625
0 0.57265625 0.75234375 0.04375 0.0375
2 0.63125 0.7515625 0.303125 0.2625
0 0.99140625 0.76796875 0.0171875 0.0515625
0 0.61015625 0.65546875 0.041796875 0.032421875
0 0.93046875 0.7625 0.055078125 0.07421875
0 0.67265625 0.821875 0.134375 0.05078125
1 0.8203125 0.94921875 0.359375 0.1015625
0 0.92421875 0.50546875 0.076953125 0.096875
0 0.840625 0.93046875 0.081640625 0.03125
2 0.8578125 0.6296875 0.284375 0.346875
0 0.77890625 0.62890625 0.101171875 0.030078125
0 0.64609375 0.69609375 0.059375 0.0671875