2 0.0964488640625 0 0.0875 0.04375 0.05 0.01875 0.0390625 0.0203125 0.0265625 0.0359375 0.0140625 0.0703125 0.0140625 0.0859375 0.0234375 0.09375 0.0234375 0.10625 0.009375 0.1015625 0.009375 0.1421875 0.021875 0.1546875 0.1359375 0.221875 0.184375 0.2484375 0.20625 0.253125 0.2296875 0.2 0.2453125 0.134375 0.24375 0.1234375 0.1921875 0.0953125 0.2078125 0.015625 0.1847470234375 0 0.0964488640625 0
1 0.40545058125000005 0.459375 0.409375 0.453125 0.4296875 0.4015625 0.415625 0.3796875 0.40625 0.3796875 0.378125 0.359375 0.378125 0.3515625 0.3984375 0.33125 0.403125 0.3171875 0.4078125 0.2875 0.403125 0.278125 0.35625 0.2296875 0.3171875 0.2125 0.30625 0.221875 0.2796875 0.2703125 0.265625 0.3078125 0.2578125 0.3421875 0.2578125 0.390625 0.265625 0.4234375 0.287444196875 0.459375 0.40545058125000005 0.459375
1 0.25625 0.125 0.259375 0.140625 0.2953125 0.1828125 0.328125 0.20625 0.384375 0.2125 0.4046875 0.20625 0.44375 0.1703125 0.4859375 0.1046875 0.4859375 0.0765625 0.46875 0.0421875 0.4453125 0.0203125 0.4171875 0.0125 0.4015625 0.021875 0.3734375 0.0703125 0.325 0.0234375 0.3125 0.025 0.2859375 0.0578125 0.2625 0.103125 0.25625 0.125
2 0.61875 0.2203125 0.6046875 0.203125 0.590625 0.1953125 0.575 0.1953125 0.528125 0.2296875 0.5015625 0.1703125 0.4984375 0.190625 0.46875 0.18125 0.4125 0.2234375 0.4125 0.2734375 0.48889292656250005 0.459375 0.616903409375 0.459375 0.61875 0.458180146875 0.61875 0.43359375 0.5953125 0.375 0.61875 0.3595982140625 0.61875 0.2203125
2 0.61875 0.459375 1 0.459375 1 0.2891754515625 0.9578125 0.29375 0.94375 0.2828125 0.93125 0.2578125 0.903125 0.2359375 0.8328125 0.2296875 0.784375 0.24375 0.7578125 0.2625 0.734375 0.2984375 0.74375 0.3203125 0.7359375 0.328125 0.61875 0.338495575 0.61875 0.459375
0 0.61875 0.42383307031250006 0.6703125 0.421875 0.7296875 0.4078125 0.7640625 0.409375 0.76875 0.3984375 0.7578125 0.3921875 0.61875 0.40311383906250003 0.61875 0.42383307031250006
0 1 0.35104166718749996 0.9890625 0.3546875 0.946875 0.3484375 0.9265625 0.353125 0.909375 0.3859375 0.9109375 0.4 0.9515625 0.4109375 0.9625 0.4265625 0.9875 0.425 1 0.42022058749999996 1 0.35104166718749996
0 0.9484375 0.3109375 0.9453125 0.30625 0.9234375 0.30625 0.903125 0.3125 0.9484375 0.3109375
2 0.12053571406250001 0.459375 0.09375 0.4875 0.06875 0.5515625 0.0578125 0.6140625 0.05625 0.678125 0.0625 0.696875 0.0734375 0.7078125 0.209375 0.7578125 0.1859375 0.84375 0.184375 0.8828125 0.1921875 0.89375 0.265625 0.9421875 0.3 0.953125 0.3234375 0.953125 0.3453125 0.94375 0.3609375 0.9265625 0.3890625 0.81875 0.4 0.8171875 0.50625 0.8515625 0.5296875 0.8484375 0.571875 0.6421875 0.5765625 0.603125 0.5703125 0.5890625 0.18125 0.465625 0.1491071421875 0.459375 0.12053571406250001 0.459375
1 0.87802734375 0.459375 0.8296875 0.4828125 0.80625 0.5078125 0.8 0.5234375 0.8 0.578125 0.859375 0.6640625 0.884375 0.6640625 0.9578125 0.64375 0.9921875 0.6140625 0.959375 0.5578125 1 0.5341145828125 1 0.466059028125 0.99292279375 0.459375 0.87802734375 0.459375
1 0.61875 0.9020174046874999 0.6765625 0.9203125 0.709375 0.9203125 0.746875 0.8203125 0.746875 0.7828125 0.734375 0.7484375 0.7125 0.7203125 0.68125 0.6984375 0.61875 0.6743990390625 0.61875 0.9020174046874999
2 0.61875 0.459375 0.61875 0.65414870625 0.6265625 0.6625 0.66875 0.6546875 0.7140625 0.6328125 0.7453125 0.609375 0.75 0.59375 0.709375 0.540625 0.7671875 0.5078125 0.7734375 0.4875 0.75863486875 0.459375 0.61875 0.459375