2 0 0 0 0.4486111109375 0.0453125 0.46875 0.10234375 0.46875 0.121875 0.465625 0.1546875 0.453125 0.196875 0.4265625 0.228125 0.396875 0.2609375 0.35 0.2890625 0.2640625 0.24375 0.225 0.234375 0.20625 0.2703125 0.2171875 0.2953125 0.2125 0.2875 0.128125 0.2671875 0.071875 0.2484375 0.040625 0.210133928125 0 0 0
0 0.07645474062499999 0 0.0765625 0.003125 0.0609375 0.0234375 0.0984375 0.0359375 0.10625 0.034375 0.128125 0.0078125 0.1284646734375 0 0.07645474062499999 0
0 0.1953125 0.1640625 0.1828125 0.171875 0.1796875 0.190625 0.1953125 0.2015625 0.20625 0.2015625 0.2109375 0.225 0.2046875 0.228125 0.203125 0.2390625 0.2109375 0.25 0.2484375 0.2578125 0.2921875 0.25625 0.2984375 0.240625 0.29375 0.2078125 0.259375 0.2046875 0.2234375 0.171875 0.1953125 0.1640625
2 0.56875 0.46875 0.7947646109375001 0.46875 0.790625 0.3890625 0.796875 0.3765625 0.809375 0.3703125 0.959375 0.3671875 0.9703125 0.359375 0.9828125 0.303125 0.971875 0.2140625 0.9609375 0.1828125 0.9484375 0.165625 0.9375 0.1609375 0.7828125 0.15625 0.7765625 0.1453125 0.7734375 0.0515625 0.7671875 0.0453125 0.7234375 0.0328125 0.6203125 0.0296875 0.56875 0.0349759609375 0.56875 0.46875
1 0 0.46875 0 0.818290440625 0.09375 0.8171875 0.1734375 0.803125 0.2109375 0.7875 0.225 0.771875 0.21875 0.6734375 0.21875 0.6328125 0.2234375 0.628125 0.40625 0.6421875 0.434375 0.6328125 0.4640625 0.603125 0.49375 0.546875 0.509375 0.4765625 0.5091452203125 0.46875 0 0.46875
2 0.56875 0.46875 0.56875 0.83211805625 0.63125 0.846875 0.7046875 0.846875 0.7625 0.834375 0.7921875 0.8171875 0.80625 0.796875 0.8359375 0.675 0.915625 0.6953125 0.9703125 0.6953125 1 0.6615767046875 1 0.49609375 0.8828125 0.4765625 0.880859375 0.46875 0.56875 0.46875
0 0.56875 0.709375 0.5703125 0.709375 0.5890625 0.696875 0.6140625 0.6984375 0.63125 0.690625 0.659375 0.6953125 0.6609375 0.6875 0.6453125 0.659375 0.634375 0.546875 0.6234375 0.528125 0.6125 0.525 0.6046875 0.534375 0.56875 0.5396990734375 0.56875 0.709375
0 0.81875 0.621875 0.8140625 0.6015625 0.7328125 0.640625 0.71875 0.65 0.71875 0.6578125 0.725 0.6640625 0.7375 0.6640625 0.8078125 0.6390625 0.81875 0.621875
0 0.696875 0.7640625 0.7484375 0.7625 0.7578125 0.7828125 0.7765625 0.796875 0.790625 0.796875 0.803125 0.7875 0.8171875 0.7515625 0.828125 0.6609375 0.8171875 0.6375 0.8015625 0.6328125 0.7515625 0.65 0.6984375 0.6890625 0.675 0.74375 0.678125 0.7578125 0.696875 0.7640625
0 0.7828125 0.5140625 0.784375 0.5421875 0.8125 0.6265625 0.8265625 0.6453125 0.8390625 0.64375 0.8546875 0.628125 0.85625 0.6140625 0.8375 0.56875 0.8359375 0.5203125 0.828125 0.4984375 0.8125 0.4828125 0.8015625 0.48125 0.7828125 0.5140625
0 0.56875 0.6929121374999999 0.6265625 0.69375 0.659375 0.7046875 0.6859375 0.7046875 0.7046875 0.6921875 0.73125 0.65625 0.7078125 0.6375 0.6625 0.6203125 0.5890625 0.615625 0.56875 0.624652778125 0.56875 0.6929121374999999