1 0.2251420453125 0 0.2140625 0.0046875 0.1171875 0.075 0.1140625 0.0828125 0.253125 0.178125 0.271875 0.1734375 0.3203125 0.13125 0.3328125 0.1328125 0.3875 0.171875 0.40625 0.1734375 0.41875 0.16529796562500002 0.41875 0.007291667187500001 0.405625 0 0.2251420453125 0
1 0.41875 0.18195043125000002 0.4140625 0.1796875 0.3671875 0.1671875 0.3109375 0.165625 0.2640625 0.175 0.221875 0.19375 0.1265625 0.26875 0.1203125 0.2796875 0.146875 0.3046875 0.2109375 0.346875 0.2484375 0.365625 0.26875 0.36875 0.321875 0.321875 0.3296875 0.3078125 0.40625 0.3546875 0.41875 0.35390625 0.41875 0.18195043125000002
1 0.41875 0.45 0.41875 0.3581081078125 0.409375 0.3546875 0.34375 0.3515625 0.3 0.3578125 0.2640625 0.3703125 0.209375 0.40625 0.1765625 0.4375 0.1681165546875 0.45 0.41875 0.45
2 0.88984375 0.28984375 0.2203125 0.3203125
0 0.978125 0.196875 0.04375 0.084375
0 0.98203125 0.37421875 0.0359375 0.1015625
0 0.85 0.3328125 0.07265625 0.0859375
1 0.56796875 0.296875 0.246875 0.2625
1 0.41875 1 0.41875 0.71923828125 0.4109375 0.71875 0.209375 0.71875 0.1875 0.74375 0.171875 0.7984375 0.1703125 0.875 0.1859375 0.9375 0.196875 0.9515625 0.2125 0.95625 0.3703125 0.9578125 0.3953125 0.9671875 0.4 0.98125 0.39980053125000004 1 0.41875 1
2 0.8368951609374999 0.45 0.7484375 0.4921875 0.41875 0.6773904374999999 0.41875 0.8905598953125 0.4453125 0.8828125 0.459375 0.8828125 0.471875 0.8953125 0.5078125 0.890625 0.6453125 0.8265625 0.6578125 0.83125 0.70625 0.8796875 0.7453125 0.896875 0.809375 0.8875 0.8671875 0.8546875 0.89375 0.8296875 0.9015625 0.8125 0.9 0.7984375 0.8390625 0.7203125 0.9109375 0.6796875 1 0.6476806640625 1 0.570703125 0.9828125 0.540625 0.9171875 0.478125 0.884375 0.45625 0.8671875 0.45 0.8368951609374999 0.45
0 0.44453125 0.790625 0.0515625 0.04375
0 0.47734375 0.75234375 0.1171875 0.0578125
0 0.78046875 0.53828125 0.03125 0.0171875
0 0.8921875 0.546875 0.1578125 0.10234375