2 1 0 0.5502976187499999 0 0.55 0.0001764703125 0.55 0.5 0.5773561515625 0.5 0.7234375 0.403125 0.7421875 0.4 0.7609375 0.4203125 0.7869225546875 0.5 0.99431818125 0.5 1 0.49617346875 1 0
0 0.61640625 0.121875 0.1328125 0.115625
0 0.60625 0.38125 0.1125 0.2375
0 0.80625 0.240625 0.16875 0.165625
1 0 0.5 0 0.6471201921875 0.013250000000000001 0.6484791671875 0.041999999999999996 0.6481458328125 0.058750000000000004 0.6431458328125 0.071 0.6331458328125 0.07575 0.6268125 0.08149999999999999 0.6128125 0.08475 0.6008125 0.0865 0.5881458328125 0.0895 0.5391458328125001 0.094427446875 0.5 0 0.5
2 0.2229490734375 0.5 0.22225 0.5031458328125 0.22275 0.5081458328124999 0.22549999999999998 0.5111458328125 0.26875 0.5368125 0.27175 0.5424791671875 0.269 0.5564791671875 0.26175000000000004 0.5751458328125001 0.25325000000000003 0.6064791671875 0.25275 0.6111458328125 0.25475 0.6164791671875001 0.26225 0.6248125 0.273 0.6341458328125 0.277 0.6361458328125 0.28025 0.6348125 0.28625 0.6231458328125 0.28975 0.6181458328125 0.2915 0.6181458328125 0.29825 0.6258125 0.29525 0.6424791671875 0.29525 0.6454791671875 0.29674999999999996 0.6478125 0.316 0.6561458328125 0.3255 0.6581458328125 0.33325 0.6581458328125 0.33725 0.6564791671875 0.34125 0.6498125 0.3435 0.6404791671875 0.34775 0.6311458328125 0.357 0.6038125 0.35825 0.5964791671875 0.36075 0.5921458328125 0.36524999999999996 0.5934791671874999 0.40599999999999997 0.6174791671875 0.41174999999999995 0.6168125 0.41600000000000004 0.6124791671875001 0.4245 0.6008125 0.4305 0.5901458328125 0.44475 0.5571458328125 0.449 0.5438125 0.45375 0.5224791671875 0.4545 0.5134791671875 0.45075000000000004 0.5064791671875 0.44675000000000004 0.5018125 0.444271140625 0.5 0.2229490734375 0.5
2 0.39295375 1 0.39249999999999996 0.9974791671875 0.38375 0.9778125 0.386 0.9728125000000001 0.39375 0.9621458328125 0.3955 0.9554791671875 0.39425 0.9514791671874999 0.38725 0.9401458328124999 0.36875 0.9168125 0.364 0.9081458328124998 0.35075 0.8911458328125 0.343 0.8784791671875001 0.344 0.8738125 0.35 0.8634791671875 0.36 0.8511458328125 0.3675 0.8371458328125 0.374 0.8288125000000001 0.3775 0.8161458328125001 0.37725 0.8111458328125 0.37475 0.8014791671874999 0.36025 0.7758125 0.354 0.7698125 0.34750000000000003 0.7601458328125 0.34125 0.7554791671875 0.33425 0.7474791671875 0.3275 0.7438125 0.3215 0.7374791671875001 0.319 0.7368125 0.30575 0.7378125 0.2935 0.7501458328125 0.2835 0.7648125 0.27749999999999997 0.7701458328124999 0.27325 0.7758125 0.27149999999999996 0.7774791671875001 0.26875 0.7774791671875001 0.25325000000000003 0.7628125 0.23675000000000002 0.7331458328125 0.22125 0.7081458328125001 0.21725 0.7061458328125 0.20875 0.7061458328125 0.20425 0.7084791671875 0.19624999999999998 0.7218125000000001 0.18725 0.7331458328125 0.18375 0.7398125 0.17825 0.7454791671875001 0.1565 0.7751458328125 0.151 0.7808125 0.1285 0.8118124999999999 0.1265 0.8178124999999999 0.1265 0.8281458328125 0.1595 0.8704791671875001 0.16599999999999998 0.8808125 0.17124999999999999 0.8858124999999999 0.17825 0.8961458328124999 0.183 0.9004791671875001 0.18975 0.9108125000000001 0.19624999999999998 0.9174791671874999 0.21150000000000002 0.9371458328125 0.21675 0.9454791671875 0.22149999999999997 0.9498125 0.22599999999999998 0.9571458328125001 0.255 0.9954791671875001 0.25925 0.9991458328124999 0.25982198749999996 1 0.39295375 1
0 0.21325 0.8421458328125 0.21325 0.8378125000000001 0.20975000000000002 0.8248125 0.20350000000000001 0.8171458328125001 0.196 0.8024791671875 0.18975 0.7944791671875 0.18375 0.7811458328125 0.178 0.7738125 0.1715 0.7688124999999999 0.1685 0.7684791671875 0.16425 0.7741458328124999 0.16325 0.7788125 0.16499999999999998 0.7841458328125 0.1715 0.7928124999999999 0.17350000000000002 0.8011458328125001 0.17675000000000002 0.8081458328125001 0.19075 0.8261458328125 0.20024999999999998 0.8341458328125 0.20525000000000002 0.8424791671874999 0.20950000000000002 0.8438125 0.21325 0.8421458328125
0 0.031072915625000003 1 0.042249999999999996 0.9961458328125001 0.05325 0.9874791671875001 0.062 0.9838125 0.06575 0.9781458328125 0.0725 0.9728125000000001 0.07575 0.9684791671875 0.0765 0.9648125000000001 0.0725 0.9574791671875001 0.06875 0.9434791671875 0.0655 0.9371458328125 0.05275 0.9521458328125 0.04325 0.9598125 0.026250000000000002 0.9691458328125 0.016 0.9728125000000001 0.0025 0.9904791671875 0.0022836171875 1 0.031072915625000003 1
0 0.34002449375 1 0.33975 0.9994791671875 0.33125 0.9938125 0.3255 0.9844791671875001 0.31825000000000003 0.9781458328125 0.315 0.9684791671875 0.31225 0.9648125000000001 0.3095 0.9631458328125 0.30525 0.9631458328125 0.30125 0.9648125000000001 0.29925 0.9681458328125 0.29925 0.9788125000000001 0.30125 0.9848125 0.30425 0.9921458328125 0.30943375 1 0.34002449375 1
0 0.39455324062499997 1 0.3955 0.9914791671875001 0.393 0.9811458328124999 0.39325 0.9781458328125 0.396 0.9728125000000001 0.39725 0.9658125 0.3955 0.9514791671874999 0.38975 0.9411458328125001 0.37975 0.9294791671875 0.372 0.9168125 0.3665 0.9128125 0.36375 0.9091458328125 0.35924999999999996 0.8998125 0.356 0.8994791671875 0.35350000000000004 0.9018125000000001 0.35275 0.9044791671875 0.354 0.9188124999999999 0.35625 0.9301458328125001 0.36524999999999996 0.9581458328124999 0.37124999999999997 0.9694791671874998 0.37825000000000003 0.9784791671875 0.3835 0.9914791671875001 0.39175 0.9941458328125 0.394291940625 1 0.39455324062499997 1
0 0.29874999999999996 0.6078125 0.3075 0.6008125 0.3115 0.6008125 0.314 0.5964791671875 0.3195 0.5818125000000001 0.32775 0.5538125 0.33025000000000004 0.5488125 0.33025000000000004 0.5321458328124999 0.32075 0.5321458328124999 0.28975 0.6151458328125 0.28525 0.6194791671875001 0.28275 0.6238125 0.279 0.6338125 0.279 0.6431458328125 0.2945 0.6431458328125 0.29874999999999996 0.6251458328125 0.298 0.6221458328125 0.2945 0.6194791671875001 0.2955 0.6144791671875 0.29874999999999996 0.6078125
2 1 1 1 0.7491898140625001 0.828125 0.8625 0.759375 0.9015625 0.7453125 0.915625 0.74375 0.959375 0.7581653218750001 1 1 1