2 0 0.31875 0.36025815156249996 0.31875 0.3625 0.2671875 0.35 0.1921875 0.3359375 0.1484375 0.3171875 0.1390625 0 0.15436913593749998 0 0.31875
2 0.5390625 0.31875 0.668303571875 0.31875 0.6984375 0.2953125 0.775 0.2203125 0.775 0.1765625 0.734375 0.140625 0.6859375 0.1140625 0.6640625 0.1078125 0.6375 0.109375 0.571875 0.159375 0.559375 0.1609375 0.5390625 0.1469975484375 0.5390625 0.31875
1 0.25390625 0.94296875 0.2828125 0.1140625
0 0.18359375 0.69453125 0.0609375 0.08203125
0 0.0515625 0.69296875 0.103125 0.0578125
0 0.4921875 0.9234375 0.05703125 0.1140625
0 0.3234375 0.98046875 0.065625 0.0390625
0 0.3390625 0.60234375 0.0921875 0.0609375
0 0.32421875 0.7125 0.1328125 0.06171875
2 0.19375 0.609375 0.3875 0.353125
0 0.0296875 0.6 0.059375 0.0375
0 0.209375 0.59375 0.0828125 0.0703125
0 0.33046875 0.64296875 0.125 0.0953125
0 0.14296875 0.96640625 0.0546875 0.028125
2 0.46171875 0.79921875 0.1546875 0.3921875
1 0.39453125 0.421875 0.2171875 0.20625
0 0.02890625 0.771875 0.0578125 0.028125
0 0.21015625 0.60078125 0.25625 0.13984375
0 0.46953125 0.684375 0.08125 0.10859375
2 0.5390625 0.6066051140625 0.5625 0.6140625 0.6046875 0.6171875 0.6265625 0.5734375 0.6375 0.5640625 0.7015625 0.578125 0.7140625 0.571875 0.7515625 0.46875 0.6796875 0.4453125 0.6765625 0.4328125 0.69375 0.3921875 0.678125 0.375 0.6265625 0.3515625 0.5625 0.3453125 0.546875 0.3515625 0.5390625 0.36484375 0.5390625 0.6066051140625
2 0.5390625 0.9945963546875 0.5921875 0.9890625 0.6125 0.975 0.621875 0.9125 0.7078125 0.915625 0.721875 0.846875 0.7234375 0.8015625 0.7171875 0.79375 0.6421875 0.7890625 0.6484375 0.728125 0.5390625 0.721627475 0.5390625 0.9945963546875
1 0.6458912031249999 0.31875 0.6828125 0.353125 0.71875 0.3625 0.7515625 0.3421875 0.78125 0.3390625 0.821875 0.371875 0.840625 0.3734375 0.896875 0.3421875 0.9203125 0.31875 0.6458912031249999 0.31875