1 0.7 0.35 0.7 0.27267219374999996 0.6421875 0.2703125 0.615625 0.259375 0.6125 0.2296875 0.6203125 0.134375 0.6046875 0.121875 0.534375 0.10625 0.421875 0.1 0.3625 0.10625 0.3390625 0.115625 0.33125 0.1328125 0.3265625 0.209375 0.3109375 0.2265625 0.3203125 0.25 0.31875 0.30625 0.325 0.340625 0.3305397734375 0.35 0.7 0.35
2 1 0 0.7817968750000001 0 0.7703125 0.0515625 0.7375 0.2265625 0.740625 0.271875 0.7640625 0.30625 0.809375 0.3421875 0.8311383921875001 0.35 0.9612980765625 0.35 0.984375 0.340625 0.99375 0.29375 0.990625 0.203125 0.9984375 0.1625 1 0.160491071875 1 0
0 0.2854473046875 0.44867749218749997 0.2932904421875 0.449657884375 0.2953125 0.44291769375 0.2953125 0.43351040156250004 0.288143384375 0.42580167500000005 0.2832414234375 0.41730494374999993 0.27931985312499996 0.415344159375 0.27539828593750004 0.411422590625 0.2736825984375 0.41567095624999995 0.2736825984375 0.41893892968749996 0.27760416875 0.42743566250000004 0.27907475625 0.435605596875 0.2820159328125 0.443448734375 0.2854473046875 0.44867749218749997
0 0 1 0.0242833765625 1 0.02429534375 0.9999489374999999 0.031648284375 0.9921058 0.03042279375 0.9894914218749999 0.028216912500000003 0.9885110296875 0.01792279375 0.9904718140625001 0.0022365203125 0.9891646234374999 0 0.9883798796875001 0 1
0 0.2404718140625 0.8368770421875 0.23777573593749998 0.831648284375 0.22723652031250002 0.8323018796875001 0.207873775 0.829360703125 0.1978247546875 0.8313214875 0.1897365203125 0.8345894609375 0.187040440625 0.83818423125 0.1865502453125 0.8407986109374999 0.188756128125 0.8483149515624999 0.1919424015625 0.851909721875 0.1985600484375 0.8545241015624999 0.21743259843749999 0.8587724671875 0.226256128125 0.8594260625000001 0.2301776953125 0.8584456703125 0.23336397031249997 0.8551776953125 0.24022671562500003 0.8421058 0.2404718140625 0.8368770421875
0 0.4671875 0.8009293296875001 0.4590992640625 0.7872038406249999 0.4549325984375 0.783935865625 0.4465992640625 0.781648284375 0.44414828437500004 0.783282271875 0.44194240156250003 0.7868770421875 0.4340992640625 0.801582925 0.43213847968749997 0.8081188718749999 0.4306678921875 0.8238051468750001 0.43213847968749997 0.827726715625 0.436305146875 0.8319750812500001 0.44194240156250003 0.8306678921875001 0.46081495156249996 0.8192299843749999 0.4647365203125 0.8156352124999999 0.4681678921875 0.8084456703124999 0.46841299062499997 0.8048508984375001 0.4671875 0.8009293296875001
0 0.40052083281249995 0.9349162578125 0.3963541671875 0.9208639703125 0.38949142187499997 0.914001225 0.3806678921875 0.9130208328125 0.376256128125 0.9146548203125 0.36963847968749997 0.9202103765625 0.36473652031250003 0.9280535125 0.362040440625 0.9365502453125 0.3615502453125 0.9424325984374999 0.36351102968750004 0.951256128125 0.365962009375 0.9571384796875 0.37110906875 0.9623672390625 0.3791973046875 0.9620404406249999 0.3826286765625 0.9604064546875 0.3946384796875 0.951582925 0.40076593125000004 0.9421058 0.40052083281249995 0.9349162578125
0 0.485242340625 1 0.48728553906250005 0.9924325984374999 0.48973652031250003 0.97576593125 0.48973652031250003 0.9718443625 0.48679534375 0.9587724671875 0.4843443625 0.9548508984375002 0.481648284375 0.9548508984375002 0.476501225 0.9590992640625 0.45664828437500005 0.9636744281249999 0.451991421875 0.96792279375 0.449540440625 0.9747855390625 0.45395220625 0.9924325984374999 0.4593443625 0.9992953437499998 0.4601860359375 1 0.485242340625 1
0 0.2537071078125 0.45681168281249995 0.2446384796875 0.44406658437499996 0.2314031859375 0.431648284375 0.22748161718749998 0.42936070312499997 0.22037377500000002 0.4287071078125 0.21694240156250003 0.4303410953125 0.2142463234375 0.43458946093749995 0.214001225 0.4506025328125 0.2147365203125 0.4545241015625 0.2193933828125 0.467595996875 0.22429534375000001 0.47772671562499996 0.2353247546875 0.4970077609375 0.238756128125 0.49994893749999997 0.248069853125 0.4927593953125 0.2524816171875 0.48753063750000003 0.2630208328125 0.4708639703125 0.26326593125 0.46726919999999994 0.2537071078125 0.45681168281249995
0 0.0767463234375 0.7787071078125 0.0791973046875 0.767595996875 0.0794424015625 0.7525633171874999 0.0752757359375 0.7375306375 0.064001225 0.7172691999999999 0.058118871875 0.7087724671875 0.0537071078125 0.7087724671875 0.0483149515625 0.709752859375 0.0463541671875 0.711386846875 0.0296875 0.7329554734375 0.020373775 0.74766135625 0.0171875 0.7571384796875 0.0171875 0.7708639703125 0.018412990625 0.7751123359375 0.02110906875 0.7790339046875 0.0340992640625 0.7911254078125001 0.047334559375 0.7970077609375 0.05860906875000001 0.7970077609375 0.0693933828125 0.7921058000000001 0.0767463234375 0.7787071078125
0 0.3404718140625 0.8558312906250001 0.34488357812500003 0.8447201796874999 0.3505208328125 0.8385110296875 0.3532169125 0.8290339046875002 0.3568933828125 0.8231515515625001 0.3622855390625 0.8071384796875 0.3666973046875 0.79929534375 0.370618871875 0.7855698531249999 0.37527573593749997 0.7780535125 0.3818933828125 0.7604064546875 0.38507965624999996 0.7483149515624999 0.382873775 0.7424325984375 0.3799325984375 0.741779003125 0.3750306375 0.7443933828125 0.37306985312499996 0.7470077609375 0.3681678921875 0.757792075 0.3657169125 0.76792279375 0.3610600484375 0.7803410953125 0.3595894609375 0.7888378265625 0.353462009375 0.8025633171875001 0.351256128125 0.8120404406249999 0.345373775 0.8234783499999999 0.34341299062499997 0.8319750812500001 0.3377757359375 0.84602736875 0.3385110296875 0.8558312906250001 0.3404718140625 0.8558312906250001
0 0.17159926406249998 0.7790339046875 0.14537377499999998 0.7744587421875 0.1404718140625 0.77119076875 0.1375306375 0.77119076875 0.1377757359375 0.7803410953125 0.1407169125 0.7826286765625 0.159834559375 0.7885110296875 0.1676776953125 0.793412990625 0.1965992640625 0.8048508984375001 0.224540440625 0.8140012249999999 0.233118871875 0.8153084156249999 0.23900122499999998 0.8133476312500001 0.23851102968750001 0.803543709375 0.2296875 0.797988153125 0.2162071078125 0.794066584375 0.20444240156250001 0.7885110296875 0.1814031859375 0.783935865625 0.17159926406249998 0.7790339046875
1 0.10860906875000001 0.35 0.10860906875000001 0.3669424015625 0.11400122500000001 0.3888378265625 0.130912990625 0.42413194374999996 0.14537377499999998 0.4499489375 0.1635110296875 0.485569853125 0.170618871875 0.5032169125 0.18679534375 0.533282271875 0.1931678921875 0.549622140625 0.1970894609375 0.5548508984375 0.20076593125 0.5564848859375 0.2115502453125 0.551582925 0.22993259843749997 0.537857434375 0.23802083281250003 0.5293607031249999 0.2470894609375 0.5228247546875 0.2541973046875 0.5117136437500001 0.2872855390625 0.4724979578125 0.29659926406250003 0.4545241015625 0.29757965625 0.447988153125 0.294883578125 0.4342626640625 0.282873775 0.41824959218749996 0.2720894609375 0.39537377500000004 0.2649816171875 0.3842626640625 0.2590992640625 0.3669424015625 0.26106004843749997 0.363674428125 0.28017769531250003 0.3525633171875 0.2823788046875 0.35 0.10860906875000001 0.35
1 0 1 0.207524615625 1 0.1970894609375 0.9865502453125 0.18262867656249998 0.9702103765625001 0.1627757359375 0.9528901140624999 0.13360906875 0.9398182187499999 0.1247855390625 0.9378574343749999 0.07552083281250001 0.9372038406249998 0.0544424015625 0.93818423125 0.0108149515625 0.9427593953125001 0 0.942944265625 0 1
2 0 0.8309548640625 0.0005208328124999999 0.8309946890625 0.06914828437500001 0.8421058 0.12429534375 0.845373775 0.1696384796875 0.851582925 0.18507965625 0.851582925 0.2240502453125 0.8590992640625 0.2291973046875 0.8590992640625 0.234834559375 0.8551776953125 0.238756128125 0.8492953437499999 0.2416973046875 0.841779003125 0.2443933828125 0.8202103765625001 0.2500306375 0.79766135625 0.251501225 0.787857434375 0.2532169125 0.7568116828125 0.25542279375 0.73981821875 0.2549325984375 0.7267463234375 0.253462009375 0.7208639703124999 0.2416973046875 0.7077920750000001 0.2399816171875 0.7028901140625 0.2426776953125 0.6872038406250001 0.2483149515625 0.6718443625 0.2483149515625 0.6682495921875 0.2470894609375 0.6649816171875 0.2436580875 0.66007965625 0.23851102968750001 0.6561580875 0.22895220625 0.6528901140625 0.143412990625 0.637857434375 0.1407169125 0.63360906875 0.138756128125 0.6185763890625 0.140962009375 0.6009293296875 0.144148284375 0.555831290625 0.14292279375 0.54145220625 0.1399816171875 0.5329554734374999 0.1311580875 0.5257659312499999 0.106648284375 0.5156352125 0.089491421875 0.5100796562500001 0.072334559375 0.5068116828125 0.0436580875 0.505831290625 0.027726715625 0.508118871875 0.020373775 0.5130208328125 0.0176776953125 0.5172692 0.014981617187499999 0.533282271875 0.011305146875 0.567595996875 0.0090992640625 0.601256128125 0.0059129906250000005 0.6104064546875 0.00076593125 0.615962009375 0 0.615962009375 0 0.8309548640625
2 0.4855715671875 1 0.48728553906250005 0.9947201796874999 0.49047181406249996 0.9764195265625 0.48973652031250003 0.9584456703124999 0.4853247546875 0.9492953437499999 0.4774816171875 0.93818423125 0.46400122499999996 0.9247855390625 0.4549325984375 0.914001225 0.43826593125 0.9022365203125 0.43336397031249996 0.8924325984374999 0.43336397031249996 0.88818423125 0.43826593125 0.8741319437499999 0.4446384796875 0.863674428125 0.4647365203125 0.8218443624999999 0.4693933828125 0.8084456703124999 0.46841299062499997 0.8022365203125 0.45517769531249996 0.7845894609374999 0.40860906874999997 0.741779003125 0.398805146875 0.7372038406250001 0.3892463234375 0.747334559375 0.3838541671875 0.74602736875 0.3821384796875 0.7430861921874999 0.37772671562500004 0.7244587421875 0.374540440625 0.72119076875 0.37110906875 0.719883578125 0.36645220625 0.7228247546875 0.3603247546875 0.7306678921875001 0.34708946093750004 0.7594260625 0.340962009375 0.76955678125 0.337040440625 0.7787071078125 0.30395220625 0.8411254078125001 0.256648284375 0.93818423125 0.2426776953125 0.9705371734374999 0.23336397031249997 0.9862234484375 0.2281977640625 1 0.294729 1 0.3037071078125 0.9780535125 0.31056985312499996 0.9672691999999999 0.3135110296875 0.9594260625000001 0.31645220625000003 0.9597528593749999 0.318412990625 0.9662888078125 0.3186580875 0.9754391343750001 0.315962009375 0.9904718140625001 0.3127690546875 1 0.4855715671875 1
0 0.43483351406250004 1 0.433118871875 0.9979881531250001 0.42895220624999997 0.9904718140625001 0.4220894609375 0.9842626640625 0.4083639703125 0.9767463234375 0.403462009375 0.9767463234375 0.3997855390625 0.977726715625 0.3985600484375 0.979360703125 0.398069853125 0.9868770421875 0.3990502453125 0.990145015625 0.4083639703125 0.9983149515624999 0.40925605468750004 1 0.43483351406250004 1
0 0.31431596875 1 0.314491421875 0.9989685453125 0.3176776953125 0.9875306375000001 0.318412990625 0.969229984375 0.3171875 0.9590992640625 0.3154718140625 0.9577920750000001 0.312040440625 0.967595996875 0.3051776953125 0.97413194375 0.295373775 0.9911254078125001 0.2925212265625 1 0.31431596875 1
0 0.2485600484375 0.6607332515625 0.24659926406250002 0.6584456703124999 0.23777573593749998 0.65387050625 0.22282475468750002 0.649622140625 0.169148284375 0.6470077609375 0.1622855390625 0.6492953437500001 0.16179534375 0.6522365203125 0.1720894609375 0.6607332515625 0.18483455937499998 0.6682495921875 0.2000306375 0.6809946890624999 0.21228553906249997 0.693412990625 0.2306678921875 0.7061580875000001 0.238756128125 0.7061580875000001 0.240962009375 0.7045241015625 0.2431678921875 0.6878574343749999 0.2478247546875 0.6715175656250001 0.2490502453125 0.663674428125 0.2485600484375 0.6607332515625
0 0.1505208328125 0.6502757359375 0.14537377499999998 0.6492953437500001 0.1358149515625 0.6506025328125 0.1267463234375 0.6499489374999999 0.1135110296875 0.6443933828125 0.1049325984375 0.6427593953125 0.06792279375 0.65387050625 0.065226715625 0.657465278125 0.06228553906249999 0.6679227937500001 0.0671875 0.67119076875 0.08360906875 0.6721711593749999 0.11400122500000001 0.6715175656250001 0.12037377499999999 0.6685763890625 0.123069853125 0.6656352125 0.132873775 0.66007965625 0.1497855390625 0.658118871875 0.1549325984375 0.6545241015625 0.1532169125 0.651256128125 0.1505208328125 0.6502757359375
2 0.7 0.35 0.7 1 0.7616015625 1 0.7671875 0.7765625 0.7734375 0.7703125 0.85625 0.771875 0.878125 0.765625 0.8875 0.75625 0.9125 0.6984375 0.91875 0.6171875 0.9109375 0.575 0.8921875 0.534375 0.86875 0.521875 0.775 0.5109375 0.76875 0.5015625 0.7727649 0.35 0.7 0.35