1 0 0.4 0.066741071875 0.4 0.0703125 0.3953125 0.084375 0.3484375 0.078125 0.315625 0.0453125 0.2453125 0.0359375 0.2375 0.01875 0.2359375 0 0.24168346718749997 0 0.4
1 0.228125 0.196875 0.16875 0.178125 0.1359375 0.1875 0.1 0.23125 0.0875 0.2671875 0.0890625 0.2890625 0.1578125 0.3140625 0.2375 0.3203125 0.29375 0.3109375 0.334375 0.2875 0.390625 0.2046875 0.3765625 0.1921875 0.2953125 0.1546875 0.2671875 0.1515625 0.228125 0.196875
1 0.150284090625 0 0.1375 0.015625 0.1296875 0.0390625 0.1265625 0.1328125 0.1453125 0.1390625 0.2109375 0.140625 0.2671875 0.1328125 0.278125 0.121875 0.278125 0.0734375 0.3515625 0.065625 0.36875 0.0265625 0.3664402171875 0 0.150284090625 0
2 0.46875 0.0461509140625 0.44375 0.0421875 0.4359375 0.0515625 0.3953125 0.2046875 0.3921875 0.259375 0.465625 0.278125 0.46875 0.2783088234375 0.46875 0.0461509140625
2 1 0.4 1 0 0.928090784375 0 0.7859375 0.128125 0.6484375 0.2671875 0.55 0.353125 0.5125 0.378125 0.49437499999999995 0.4 1 0.4
0 0 0.53125 0.0265625 0.5296875 0.046875 0.490625 0.0796875 0.45625 0.0828125 0.4328125 0.078125 0.4109375 0.05 0.403125 0 0.474553571875 0 0.53125
0 0 0.94795673125 0.0140625 0.946875 0.0265625 0.9328125 0.0515625 0.865625 0.05625 0.8140625 0.065625 0.7953125 0.0875 0.7796875 0.078125 0.7671875 0.0703125 0.7375 0.0671875 0.6765625 0.0609375 0.671875 0.053125 0.6984375 0.0296875 0.7390625 0.0296875 0.79375 0.01875 0.83125 0 0.8513392859375 0 0.94795673125
2 0 0.4 0 0.95 0.0140625 0.946875 0.0390625 0.909375 0.0734375 0.809375 0.084375 0.796875 0.109375 0.796875 0.2 0.8171875 0.228125 0.8125 0.2578125 0.7796875 0.2828125 0.7171875 0.2828125 0.675 0.2734375 0.6609375 0.253125 0.6484375 0.146875 0.615625 0.15 0.590625 0.2 0.5015625 0.2078125 0.478125 0.203125 0.4640625 0.1578125 0.43125 0.09375 0.40625 0.0640625 0.4 0 0.4
1 0.46875 0.5471874999999999 0.471875 0.5515625 0.4765625 0.603125 0.484375 0.609375 0.56875 0.6109375 0.6046875 0.6046875 0.628125 0.5921875 0.6203125 0.515625 0.5890625 0.459375 0.5515625 0.434375 0.5125 0.41875 0.46875 0.41477272656249997 0.46875 0.5471874999999999
2 0.8372395828125001 1 0.8359375 0.96875 0.828125 0.95625 0.9015625 0.9390625 0.9171875 0.9171875 0.9125 0.875 0.8875 0.8390625 0.8703125 0.83125 0.8109375 0.8328125 0.8015625 0.7890625 0.784375 0.784375 0.7 0.7890625 0.659375 0.8046875 0.6734375 0.91875 0.6859375 0.93125 0.6796875 0.984375 0.6919642859375 1 0.8372395828125001 1
1 0.64525 1 0.675 0.978125 0.6875 0.9484375 0.6890625 0.9296875 0.6828125 0.9203125 0.6625 0.903125 0.628125 0.8890625 0.6421875 0.8671875 0.6640625 0.8484375 0.665625 0.8359375 0.5859375 0.7890625 0.546875 0.7765625 0.49375 0.825 0.48125 0.85 0.478125 0.934375 0.4984375 0.9640625 0.53125 0.9859375 0.5568933828125 1 0.64525 1