2 0 0.3396577375 0.025 0.3015625 0.0546875 0.303125 0.1 0.3203125 0.1125 0.3140625 0.1421875 0.275 0.1671875 0.225 0.1640625 0.209375 0.115625 0.190625 0.1078125 0.18125 0.109375 0.165625 0.1328125 0.1328125 0.1328125 0.11875 0.1265625 0.1125 0.0453125 0.0765625 0 0.0684294875 0 0.3396577375
2 0.5390625 0 0.3765086203125 0 0.3609375 0.0265625 0.2859375 0.0984375 0.284375 0.1171875 0.3 0.1328125 0.3546875 0.1625 0.4078125 0.171875 0.4515625 0.1328125 0.49375 0.153125 0.5234375 0.153125 0.5390625 0.1432291671875 0.5390625 0.022619046875 0.5359375 0.0203125 0.5390625 0.015909090625 0.5390625 0
1 0.38325 0.3890625 0.375 0.371875 0.3171875 0.3078125 0.29375 0.30625 0.221875 0.3359375 0.190625 0.359375 0.1828125 0.371875 0.184375 0.38125 0.1908405171875 0.3890625 0.38325 0.3890625
2 0.7041917062499999 0 0.7015625 0.0078125 0.6953125 0.0453125 0.771875 0.0625 0.828125 0.0671875 0.8453125 0.0203125 0.89375 0.028125 0.9234375 0.021875 0.9395559203125 0 0.7041917062499999 0
1 0.5390625 0.3890625 0.5746570125 0.3890625 0.6234375 0.3265625 0.6375 0.29375 0.571875 0.2578125 0.5390625 0.24645432656250002 0.5390625 0.3890625
2 0.3797526046875 1 0.4703125 0.959375 0.4921875 0.94375 0.5 0.9265625 0.496875 0.8578125 0.478125 0.853125 0.4421875 0.865625 0.425 0.825 0.4171875 0.7796875 0.45 0.7546875 0.4640625 0.7359375 0.4515625 0.70625 0.4296875 0.6828125 0.4015625 0.6859375 0.278125 0.7359375 0.2640625 0.696875 0.234375 0.646875 0.2140625 0.6359375 0.1953125 0.634375 0.1703125 0.640625 0.1421875 0.6578125 0.1109375 0.6984375 0.1046875 0.746875 0.11875 0.80625 0.0109375 0.85625 0.003125 0.8671875 0.0078125 0.9359375 0.0221713359375 1 0.3797526046875 1
0 0.41328125 0.83671875 0.24375 0.24375
2 1 1 1 0.3890625 0.8120863968750001 0.3890625 0.809375 0.390625 0.5390625 0.5545248875000001 0.5390625 0.8553308828125001 0.559375 0.8625 0.5978749999999999 1 0.65859375 1 0.7921875 0.9109375 0.834375 0.890625 0.8546875 0.9109375 0.8807211531250001 1 1 1
0 0.65234375 0.615625 0.2265625 0.153125
0 0.67421875 0.88515625 0.2703125 0.2296875
0 0.8953125 0.72734375 0.209375 0.1671875
0 0.846875 0.44765625 0.2875 0.1171875