2 0 0 0 0.2615198859375 0.43125 0.2625 0.45625 0.2484375 0.459375 0.2390625 0.459375 0.06343750000000001 0.4375 0.0328125 0.2578125 0.034375 0.24375 0.0296875 0.23125 0.015625 0.23203125 0 0 0
1 0.459375 0.309375 0.5281483203125 0.309375 0.5265625 0.25625 0.534375 0.2421875 0.6890625 0.234375 0.6984375 0.2234375 0.7 0.2015625 0.6921875 0.0359375 0.68125 0.021875 0.640625 0.021875 0.490625 0.025 0.459375 0.028749999999999998 0.459375 0.309375
1 0 0.800841346875 0.03125 0.7828125 0.0875 0.7 0.0734375 0.6875 0 0.65360576875 0 0.800841346875
2 0.26875 0.5578125 0.140625 0.5375 0.1328125 0.546875 0.0921875 0.7 0.0890625 0.7546875 0.1625 0.7734375 0.215625 0.7765625 0.2328125 0.7171875 0.303125 0.728125 0.3265625 0.7109375 0.340625 0.675 0.3375 0.6421875 0.325 0.628125 0.259375 0.615625 0.26875 0.5578125
1 0.459375 0.5635557437500001 0.46875 0.5640625 0.46875 0.6203125 0.475 0.625 0.5828125 0.64375 0.6296875 0.6359375 0.6375 0.5375 0.6234375 0.5046875 0.5953125 0.4734375 0.546875 0.4453125 0.4953125 0.4296875 0.459375 0.4265894390625 0.459375 0.5635557437500001
2 0.459375 0.9719572375000001 0.4640625 0.971875 0.528125 0.9578125 0.534375 0.946875 0.534375 0.890625 0.6140625 0.88125 0.621875 0.86875 0.621875 0.81875 0.6109375 0.765625 0.6046875 0.7609375 0.5328125 0.759375 0.525 0.7515625 0.51875 0.7015625 0.459375 0.6953125 0.459375 0.9719572375000001
1 0.9015625 0.88125 0.903125 0.8640625 0.875 0.84375 0.803125 0.8109375 0.7421875 0.803125 0.696875 0.8109375 0.6625 0.8265625 0.6265625 0.8625 0.584375 0.91875 0.6625 0.9609375 0.709375 0.9765625 0.721875 0.9765625 0.75625 0.9359375 0.8171875 0.959375 0.8328125 0.9578125 0.85 0.946875 0.8890625 0.90625 0.9015625 0.88125
1 0.5953125 0.309375 0.534375 0.346875 0.5359375 0.3703125 0.5515625 0.4015625 0.5765625 0.4296875 0.6109375 0.453125 0.6296875 0.4546875 0.6671875 0.4328125 0.6921875 0.428125 0.7359375 0.465625 0.7546875 0.46875 0.8015625 0.4421875 0.85625 0.4 0.8515625 0.3859375 0.771875 0.3140625 0.7596875 0.309375 0.5953125 0.309375
1 1 0.4131009609375 0.98125 0.4203125 0.9546875 0.365625 0.9453125 0.365625 0.8609375 0.4 0.84375 0.4125 0.85625 0.478125 0.8828125 0.5109375 0.9328125 0.5328125 0.9890625 0.534375 1 0.530827703125 1 0.4131009609375
2 1 0.5575 0.971875 0.5546875 0.9390625 0.5640625 0.8609375 0.7484375 0.8578125 0.76875 0.890625 0.78125 0.9875 0.8 0.9984375 0.79375 1 0.7884375 1 0.5575
1 1 1 1 0.802734375 0.9953125 0.8015625 0.9421875 0.8359375 0.9125 0.86875 0.9046875 0.90625 0.90625 0.9453125 0.915625 0.96875 0.9546875 1 1 1