2 0.55 0.5796875 0.55 0.7557310968750001 0.5669985703125 0.7578737734375001 0.630070465625 0.7630208328125 0.6826848453125 0.764001225 0.710462621875 0.7666973031250001 0.7296044125 0.771875 0.743248759375 0.771875 0.74837111875 0.76155024375 0.7552338640625 0.7348345578125001 0.763730596875 0.6836090671875 0.766344975 0.658118871875 0.766344975 0.6338541656250001 0.76875 0.624033646875 0.76875 0.6195210375 0.766344975 0.6090992640625 0.7614430140625 0.606403184375 0.755887459375 0.6051776953125 0.7297436687500001 0.6027267140625 0.6846456296875 0.6024816171875 0.6585018375 0.596354165625 0.62190053125 0.5924325968749999 0.61569138125 0.5907169109375 0.612096609375 0.5855698515625 0.6114430140625 0.5796875 0.55 0.5796875
2 1 0.66969081875 0.9929636437500001 0.668811275 0.9838133171875001 0.665625 0.9736825984374999 0.659007353125 0.9697610296875 0.6577818625 0.9615910953124999 0.6609681375 0.9537479578125 0.66636029375 0.9040747546875 0.7178308828125 0.8978656046874999 0.7259191171875 0.8540747546875 0.7724877453125 0.8262969765625 0.80386029375 0.8204146234374999 0.8126838234375 0.8142054734374999 0.8183210781250001 0.79917279375 0.8371936281250001 0.7625714875 0.8783700984374999 0.756689134375 0.887438725 0.7494995921875 0.8943014703125 0.7361008984375 0.91170343125 0.7374080875 0.924938725 0.741002859375 0.9305759796874999 0.7498263890625 0.9403799015625001 0.760610703125 0.9474877453125 0.76714665 0.9533700984374999 0.779238153125 0.9604779406249999 0.7838133171875 0.9602328437500001 0.788715278125 0.9568014703125 0.796558415625 0.9462622546875 0.8060355390625 0.9384191171874999 0.8292381531250002 0.9484681375000001 0.8318525328125 0.9516544124999999 0.8321793296875001 0.9604779406249999 0.8302185453125001 0.9658700984374999 0.8256433828125 0.9724877453125 0.8253165843750001 0.978125 0.8292381531250002 0.9876838234375 0.833159721875 0.9901348046875 0.857342728125 0.995772059375 0.8677716484375001 1 0.8834048203125 1 0.8883884796875 0.9962622546875 0.9057087421875 0.9771446078124999 0.9374080875 0.9460171562499999 0.9439440359375 0.9376838234375 0.9478656046874999 0.9349877453125 0.9563623359375001 0.9318014703124999 0.9704146234375 0.9347426468750001 0.9795649515625 0.9413602937500001 0.9965584156249999 0.9484681375000001 1 0.950814671875 1 0.66969081875
1 0.55 1 0.7575127 1 0.757342728125 0.9889093140625 0.75244076875 0.9602328437500001 0.742636846875 0.9349877453125 0.733159721875 0.9180759796875 0.7125714875 0.8940563718749999 0.6962316171875 0.8798406859375 0.6880616828124999 0.875428921875 0.6779309640625 0.8680759796874999 0.6560355390625 0.8570465687500001 0.6259701796874999 0.8469975484375001 0.6079963234375 0.8430759796875 0.580872140625 0.8396446078124999 0.5609375 0.8386642156249999 0.55 0.8386452265625 0.55 1
0 0.687081290625 0.7533700984375 0.6681270421875001 0.755821078125 0.6655126640625 0.7568014703125 0.6642054734375 0.759742646875 0.671395015625 0.762193628125 0.7187806375 0.7678308828125 0.7292381531250001 0.7717524515624999 0.733159721875 0.7719975484375 0.738715278125 0.76954656875 0.7390420750000001 0.7614583328125 0.7377348859375 0.7594975484375001 0.733159721875 0.7568014703125 0.7027675656250001 0.7538602937500001 0.687081290625 0.7533700984375
0 0.9893688718749999 0.8344975484375 0.982506128125 0.8295955875000001 0.974662990625 0.826899509375 0.9691074343749999 0.826164215625 0.9576695265625 0.828125 0.9491727937500001 0.8310661765624999 0.9400224671874999 0.8374387249999999 0.9354473046875 0.84601715625 0.93512050625 0.850428921875 0.939042075 0.8568014703125 0.9436172390625 0.8607230390625 0.9576695265625 0.8619485296875 0.9707414218749999 0.8604779406249999 0.982506128125 0.8568014703125 0.9926368468749999 0.849938725 0.9932904406249999 0.8465073531249999 0.9893688718749999 0.8344975484375
0 0.679238153125 0.9462622546875 0.6821793296875 0.9440563718749999 0.6874080874999999 0.9371936281250001 0.688715278125 0.9246936281250001 0.6844669125 0.9126838234375001 0.680872140625 0.9094975484375001 0.668453840625 0.9060661765625 0.6439440359375 0.9014093140625 0.6155126640625 0.9006740203125 0.60244076875 0.9041053921875001 0.594924428125 0.908272059375 0.5906760625 0.9126838234375001 0.592636846875 0.9207720593750001 0.5952512249999999 0.9251838234375 0.60701593125 0.933272059375 0.6158394609375 0.941850490625 0.6289113562499999 0.9482230390625 0.639368871875 0.9501838234375001 0.6514603765625 0.9509191171874999 0.665185865625 0.949938725 0.6740093953125 0.947977940625 0.679238153125 0.9462622546875
0 0.7 0.62890625 0.1375 0.0546875
0 0.653125 0.7125 0.1921875 0.05234375
0 0.578125 0.6015625 0.05625 0.04375
0 0.8546875 0.871875 0.06328125 0.0390625
0 0.8328125 0.9265625 0.084375 0.05390625
0 0.85234375 0.9109375 0.103125 0.0890625
0 0.98125 0.68515625 0.0375 0.0421875
0 0.93828125 0.72734375 0.0578125 0.025
0 0.95078125 0.7015625 0.034375 0.03515625