0 0.4119140625 0 0.396875 0.0109375 0.38125 0.015625 0.371875 0.028125 0.3171875 0.0359375 0.390625 0.040625 0.4599264703125 0 0.4119140625 0
0 0 0.28404605312500003 0.0015625 0.284375 0.0453125 0.26875 0.1453125 0.203125 0.1453125 0.196875 0.1359375 0.196875 0.1265625 0.2078125 0.08125 0.221875 0.03125 0.253125 0.003125 0.259375 0 0.258258928125 0 0.28404605312500003
0 0.28125 0.3046875 0.265625 0.296875 0.1234375 0.340625 0.1609375 0.3765625 0.16875 0.4 0.1828125 0.4046875 0.221875 0.38125 0.2703125 0.3390625 0.28125 0.3046875
0 0.2921875 0.2828125 0.378125 0.2515625 0.4015625 0.2375 0.4078125 0.2296875 0.409375 0.2078125 0.396875 0.1796875 0.396875 0.1640625 0.390625 0.1640625 0.3703125 0.1734375 0.3359375 0.2046875 0.3203125 0.209375 0.2703125 0.2703125 0.228125 0.275 0.2265625 0.2796875 0.2390625 0.2875 0.2296875 0.303125 0.2609375 0.303125 0.2921875 0.2828125
2 1 0 0.5 0 0.5 0.23113938125 0.6734375 0.225 0.7171875 0.2640625 0.7640625 0.2796875 0.81875 0.2796875 0.8546875 0.2671875 0.88125 0.25 0.909375 0.2125 1 0.208850671875 1 0
2 0.3796875 0.8390625 0.396875 0.8328125 0.4265625 0.7625 0.4390625 0.6921875 0.4328125 0.6796875 0.409375 0.665625 0.2140625 0.5640625 0.1875 0.584375 0.1703125 0.61875 0.159375 0.6609375 0.159375 0.690625 0.165625 0.70625 0.2109375 0.7375 0.209375 0.753125 0.1828125 0.8078125 0.184375 0.8171875 0.2484375 0.865625 0.2953125 0.8859375 0.3296875 0.8125 0.3515625 0.81875 0.3796875 0.8390625
1 0 0.46875 0 0.5871428578125 0.025 0.625 0.0375 0.6359375 0.0625 0.6359375 0.109375 0.5984375 0.125 0.571875 0.1296875 0.528125 0.103125 0.4921875 0.1015625 0.48125 0.1118885875 0.46875 0 0.46875
1 0.7826426625 1 0.7578125 0.9328125 0.740625 0.9078125 0.7265625 0.9046875 0.6875 0.925 0.6765625 0.9125 0.6640625 0.8734375 0.65625 0.8671875 0.640625 0.8671875 0.5765625 0.8921875 0.5453125 0.9203125 0.54375 0.9390625 0.5629934203125 1 0.7826426625 1
2 0.8203125 0.5515625 0.8125 0.5609375 0.7796875 0.8625 0.8171875 0.8765625 0.8828125 0.8828125 0.89375 0.878125 0.9 0.803125 0.959375 0.8046875 0.96875 0.6609375 0.9140625 0.653125 0.91875 0.5875 0.9125 0.571875 0.88125 0.5515625 0.840625 0.5453125 0.8203125 0.5515625
1 1 1 1 0.844342671875 0.9375 0.8421875 0.928125 0.846875 0.9265625 0.8546875 0.93125 0.996875 0.96875 1 1 1
2 0.6640625 0.5546875 0.659375 0.509375 0.6390625 0.4953125 0.6015625 0.490625 0.5625 0.4984375 0.534375 0.5203125 0.553125 0.6375 0.515625 0.6875 0.5109375 0.703125 0.5125 0.7328125 0.528125 0.7671875 0.5515625 0.790625 0.5828125 0.8015625 0.60625 0.8 0.625 0.7875 0.659375 0.7203125 0.6703125 0.6765625 0.6578125 0.6390625 0.6640625 0.5546875