2 0 0 0 0.04076160625 0.002961146875 0.0421875 0.0118974703125 0.0421875 0.027583740625 0.03213848125 0.028125 0.031225106250000002 0.028125 0.027007804687499998 0.016799428124999998 0.02110906875 0.017453021875 0.019148284374999998 0.0203942 0.018412990625 0.0262765515625 0.014246325 0.026603349999999998 0.011305148437499999 0.0230085796875 0.0068933828124999996 0.0154922375 0.0015012265625 0.0121954265625 0 0 0
2 0.0303002453125 0.0254748765625 0.01722835 0.062974878125 0.023764296875 0.065180759375 0.04490194375 0.0671875 0.0502723328125 0.0671875 0.051868871875 0.06616115156249999 0.055136846875 0.0583180140625 0.06788194374999999 0.0600337 0.073764296875 0.0590533078125 0.07833946093750001 0.0517003671875 0.0796875 0.04479166875 0.0796875 0.041191790625 0.0780126625 0.0399356609375 0.0701695265625 0.039445465624999995 0.061345996874999996 0.036994484375 0.0642871734375 0.0335631125 0.065267565625 0.0276807609375 0.0606924015625 0.024494484375 0.050234885937499994 0.022288603125 0.0368361921875 0.0220435046875 0.0325878265625 0.0227787984375 0.0303002453125 0.0254748765625
1 0.07980494375 0.026271446875 0.07947814375 0.0319087015625 0.08274611875 0.0392616421875 0.085862365625 0.040625 0.09475008593749999 0.040625 0.11085069375 0.0392616421875 0.1203278171875 0.0365655640625 0.1284977515625 0.031663603125 0.1328125 0.025001125000000003 0.1328125 0.0079628203125 0.13274611875 0.0071537984375 0.12882454999999998 0.005193015625 0.12098141250000001 0.005193015625 0.11085069375 0.0064185046875 0.0997395828125 0.009114582812499999 0.09777879843750001 0.010585171875 0.0987591921875 0.0194087015625 0.0860140921875 0.02038909375 0.0820925234375 0.022349878125 0.07980494375 0.026271446875
1 0 0.13902368437499998 0.0178615203125 0.138342525 0.0315870109375 0.13515625 0.0328125 0.133869484375 0.0328125 0.128170959375 0.0315870109375 0.12192095624999999 0.0260314546875 0.11285232812499998 0.0204759 0.108930759375 0.014593545312500001 0.1064797796875 0.005116421875 0.1045189953125 0 0.10427142656249999 0 0.13902368437499998
1 0.0377093546875 0.098085171875 0.038689746875 0.09882046562499999 0.0383629484375 0.1069087 0.041630921875 0.10886948437499999 0.0515727296875 0.109375 0.06496425156249999 0.109375 0.071369484375 0.1086243875 0.071875 0.1081694234375 0.071875 0.0919771875 0.069081903125 0.0865655640625 0.0635263484375 0.082398896875 0.05502961562499999 0.07896752500000001 0.0360753671875 0.0767616421875 0.021696282812500002 0.0772518375 0.019081903125 0.078477328125 0.018101510937500002 0.089506740625 0.0194087 0.0971047796875 0.0213694859375 0.09833026875 0.0377093546875 0.098085171875
1 0.09351000781249999 0.085386028125 0.11219687812500001 0.0921875 0.116847425 0.0921875 0.119980596875 0.088572303125 0.1297845171875 0.080729165625 0.13125 0.078042446875 0.13125 0.067668121875 0.130111315625 0.0655330875 0.1258629484375 0.0618566171875 0.108215890625 0.0525428921875 0.10462111874999999 0.05229779375 0.0918760203125 0.0581801484375 0.08435968125 0.06455269531249999 0.0853400734375 0.0679840703125 0.0954707921875 0.07264093125 0.0873008578125 0.0812193640625 0.09351000781249999 0.085386028125
0 0.7390625 0.9857536765624999 0.783997140625 0.9869791671874999 0.7915134796875 0.986243871875 0.7964154406249999 0.9833026953124999 0.7987030234375 0.979626225 0.7987030234375 0.9757046562500001 0.795761846875 0.9703125 0.7911866828124999 0.9661458328125001 0.7787683828125 0.9634497546875 0.764389296875 0.962959559375 0.7390625 0.9648218234375001 0.7390625 0.9857536765624999
0 0.7390625 0.8707104234374998 0.7454350484375001 0.8710477937500001 0.791840278125 0.871537990625 0.804258578125 0.869087009375 0.81014093125 0.8639399515624999 0.810467728125 0.8607536765624999 0.8075265515625001 0.8534007359375 0.805892565625 0.8509497546875 0.8016441999999999 0.8487438718749999 0.7745200156250001 0.8487438718749999 0.7390625 0.8461584281250001 0.7390625 0.8707104234374998
0 0.9934742640625001 0.9570772062499999 0.9967422390625 0.9487438718749999 0.9970690359375001 0.9374693624999999 0.9915134796875 0.9261948531249999 0.9764808 0.910998775 0.9686376640625 0.904626225 0.9627553109375 0.904626225 0.95556576875 0.9053615203125001 0.9529513890625001 0.906587009375 0.9307291671875 0.9227634796874999 0.9183108656249999 0.9337928921875001 0.9140625 0.9409007359375 0.9140625 0.9511948531249999 0.9156964875 0.9543811281250001 0.9192912578125 0.9573223046875 0.9366115203125001 0.96639093125 0.954258578125 0.9708026953125 0.9692912578125 0.9708026953125 0.9836703437500001 0.967126225 0.9934742640625001 0.9570772062499999
0 0.7390625 0.9205769484375 0.7451082515625 0.9212928921875001 0.7549121734375001 0.9203125 0.7588337421875 0.9185968140625 0.7454350484375001 0.9100183828125001 0.7408598859375 0.9083026953125 0.7390625 0.9080935171875 0.7390625 0.9205769484375
2 1 1 1 0.7544850750000001 0.9875919124999999 0.7531556375 0.9493566171874999 0.7524203437500001 0.9281147875 0.7541360296875 0.9183108656249999 0.7578125 0.9147160953125001 0.760998775 0.9111213234375001 0.773008578125 0.9062193624999999 0.798743871875 0.9032781859375 0.8239889703125 0.8990298203125 0.8308517156249999 0.892167075 0.8350183828125001 0.8771343953124999 0.8350183828125001 0.85556576875 0.8325674015625001 0.7817095593750001 0.819087009375 0.7558925656250001 0.8161458328125001 0.7405330875 0.8161458328125001 0.7390625 0.8170386890625 0.7390625 0.986805225 0.75785335 0.9877144609374999 0.8006638078125 0.9923713234375 0.891840278125 0.9962928921875001 0.932545778125 1 1 1
0 0.7390625 0.920710784375 0.7434742640625001 0.921537990625 0.75785335 0.9266850484375 0.77027165 0.9291360296875 0.812101715625 0.9333026953125 0.830075571875 0.9323223046875 0.8509906046875001 0.9379595593750001 0.8552389703125 0.9379595593750001 0.8585069437499999 0.934037990625 0.8594873359375 0.9284007359374999 0.8585069437499999 0.9261948531249999 0.85556576875 0.923743871875 0.8506638078125001 0.9225183828125001 0.8431474671875 0.921537990625 0.8281147875 0.922273284375 0.8130821078125001 0.9198223046875 0.8045853765625001 0.9173713234375 0.78824550625 0.918351715625 0.7666768796875 0.9139399515625 0.7390625 0.912227028125 0.7390625 0.920710784375