2 0.55 0 0.1381377546875 0 0.1359375 0.0359375 0.140625 0.08125 0.16875 0.1 0.3234375 0.1140625 0.296875 0.3 0.296875 0.3234375 0.30625 0.3296875 0.453125 0.3453125 0.55 0.35001517031249996 0.55 0
2 0 0.9563722046875001 0.0184129890625 0.9604983656249999 0.0657169109375 0.9673611109374999 0.10517769531250001 0.9686683 0.1260110296875 0.972263071875 0.140962009375 0.9794526140625 0.1426649296875 0.9796875 0.14993361875 0.9796875 0.1505208328125 0.9794526140625 0.154442403125 0.9654003265625001 0.15958946093749998 0.9297794109375002 0.16596201093750002 0.861478759375 0.16792279375000002 0.8274918296875 0.16792279375000002 0.795138890625 0.16875 0.7891339859375 0.16875 0.768504903125 0.16792279375000002 0.7621323531249999 0.1642463234375 0.75853758125 0.1600796578125 0.7569035937499999 0.1404718140625 0.7536356203125 0.106648284375 0.7533088234375 0.0870404421875 0.745138890625 0.059589460937500005 0.73991013125 0.054932596874999996 0.7376225484375001 0.05223651875 0.730759803125 0.0517463234375 0.7229166656249999 0.0556678921875 0.6774918296875001 0.0564031859375 0.6428513062500001 0.0497855390625 0.62487745 0.0451286765625 0.6203022875 0.03507965625 0.614419934375 0.027726715625 0.6078839859375 0.0176776953125 0.6026552281249999 0.0064031859375 0.5990604562499999 0 0.597896240625 0 0.9563722046875001
2 0.40479991406250004 1 0.4236213234375 0.9611621734375 0.43367034374999996 0.946456290625 0.4380821078125 0.9327308000000001 0.4380821078125 0.928482434375 0.4368566171875 0.9252144609374999 0.4204350484375 0.90397263125 0.40548406875 0.8892667484375 0.39518995156250003 0.88207720625 0.383180146875 0.8696589046875001 0.3513174015625 0.844168709375 0.3380821078125 0.8412275328125001 0.3312193625 0.8369791671875 0.3236213234375 0.8281556375000001 0.320680146875 0.8265216500000001 0.3145526953125 0.830770015625 0.30867034375 0.837959559375 0.271415440625 0.906587009375 0.26675857812500003 0.9173713234375 0.233915440625 0.9794628265625 0.223686965625 1 0.40479991406250004 1
1 0.0179271546875 0.45 0.017984068750000002 0.45070465625 0.0201899515625 0.46116217343750004 0.0260723046875 0.47652165 0.037101715625 0.4967830875 0.042493871875 0.5042994281250001 0.0562193625 0.5317504078125 0.0775428921875 0.568351715625 0.08367034375 0.5830575984374999 0.10107230468749999 0.6154105390625 0.1111213234375 0.6291360296875 0.11675857812499998 0.6350183828125 0.119944853125 0.6376327609375 0.1268075984375 0.6395935453125 0.1471507359375 0.6330575984375 0.15278799062499998 0.6297896234375 0.1576899515625 0.624560865625 0.1684742640625 0.6052798203125 0.1701899515625 0.6042994281249999 0.1750919125 0.6052798203125 0.183180146875 0.602011846875 0.207444853125 0.5690053109375001 0.2187193625 0.548090278125 0.2216605390625 0.5392667484375 0.2243566171875 0.5255412578125 0.22117034375000003 0.5075674015625 0.1907781859375 0.4572406046875 0.18788194375 0.45 0.0179271546875 0.45
0 0.39764093125 0.9150837421875 0.3998468140625 0.9173713234375 0.40548406875 0.9190053109375 0.41700367656250004 0.9154105390625 0.41871936249999997 0.91181576875 0.41234681406249996 0.898417075 0.40891544062499996 0.8938419124999999 0.4040134796875 0.8922079249999999 0.398376225 0.8951491015624999 0.3969056375 0.9072406046874999 0.39764093125 0.9150837421875
0 0.19837622500000002 0.47848243437499993 0.19445465625 0.47586805625000006 0.1905330875 0.4703125 0.187837009375 0.46900531093750003 0.1853860296875 0.47129289218750003 0.1846507359375 0.47390727187500004 0.185631128125 0.487959559375 0.1873468140625 0.49220792500000005 0.1939644609375 0.5000510625000001 0.198131128125 0.5075674015625 0.2032781859375 0.5131229578125 0.208915440625 0.5150837421875 0.21553308750000003 0.51181576875 0.21675857812500002 0.50854779375 0.2162683828125 0.5056066171875 0.2076899515625 0.48828635625 0.19837622500000002 0.47848243437499993
0 0.10867034375 0.9539726312500001 0.09445465625 0.9572406046874999 0.092493871875 0.95854779375 0.0915134796875 0.9624693624999999 0.0969056375 0.9657373359375001 0.132444853125 0.9732536765625 0.140287990625 0.9784824343749999 0.1432291671875 0.97880923125 0.1473958328125 0.9755412578125 0.14764093125 0.96475694375 0.1466605390625 0.962142565625 0.1432291671875 0.95854779375 0.1204350484375 0.9546262249999999 0.10867034375 0.9539726312500001
0 0.170680146875 0.5376327609375 0.1552389703125 0.5199857031249999 0.1373468140625 0.49612949375 0.1307291671875 0.4909007359375 0.12190563750000001 0.4889399515625 0.11896446093749999 0.49057393749999995 0.1162683828125 0.49416870937499996 0.11308210781250001 0.5036458328125 0.11357230468749999 0.5114889703125 0.11847426406249999 0.528482434375 0.123131128125 0.5369791671875 0.1280330875 0.55070465625 0.1393075984375 0.5693321078125 0.1434742640625 0.5703125 0.15229779375000002 0.566064134375 0.170680146875 0.544168709375 0.1716605390625 0.5405739374999999 0.170680146875 0.5376327609375
0 0.11796875 0.78828125 0.103125 0.0734375
0 0.0828125 0.9 0.14453125 0.06953125
0 0.0234375 0.74375 0.046875 0.075
0 0.33828125 0.8640625 0.046875 0.05546875
0 0.296875 0.91953125 0.04296875 0.0328125
0 0.30625 0.88515625 0.02578125 0.046875
1 0.678125 0.45 0.6796875 0.471875 0.6703125 0.4890625 0.55 0.492373853125 0.55 0.704537259375 0.696875 0.703125 0.765625 0.696875 0.8515625 0.6671875 0.8875 0.64375 0.915625 0.615625 0.9421875 0.565625 0.9484375 0.4953125 0.959375 0.478125 0.9484375 0.4578125 0.9481584828124999 0.45 0.678125 0.45