2 0.30625 0 0.296875 0.0046875 0.2734375 0.0296875 0.0828125 0.4 0.4772235578125 0.4 0.4875 0.3578125 0.5671875 0.378125 0.61875 0.378125 0.61875 0.1734375 0.534375 0.159375 0.5296875 0.140625 0.540625 0.096875 0.540625 0.071875 0.50625 0.028125 0.4765625 0.003125 0.47000000000000003 0 0.30625 0
0 0.096875 0.3828125 0.121875 0.36875 0.1359375 0.353125 0.146875 0.31875 0.146875 0.3046875 0.140625 0.303125 0.1015625 0.365625 0.096875 0.3828125
0 0.25625 0.2171875 0.2140625 0.2234375 0.1984375 0.234375 0.18125 0.265625 0.16875 0.275 0.1640625 0.3015625 0.1546875 0.3140625 0.15625 0.3296875 0.140625 0.353125 0.14375 0.3671875 0.159375 0.36875 0.171875 0.3796875 0.19375 0.3828125 0.209375 0.3921875 0.221875 0.3921875 0.240625 0.3796875 0.265625 0.38125 0.2828125 0.3734375 0.3109375 0.378125 0.3125 0.3703125 0.296875 0.3421875 0.2859375 0.2296875 0.275 0.2109375 0.2640625 0.2078125 0.25625 0.2171875
0 0.4703125 0.3046875 0.465625 0.284375 0.384375 0.3234375 0.3703125 0.3328125 0.3703125 0.340625 0.3765625 0.346875 0.3890625 0.346875 0.459375 0.321875 0.4703125 0.3046875
0 0.47289870624999997 0.4 0.4796875 0.34375 0.46875 0.3203125 0.453125 0.315625 0.403125 0.3328125 0.35 0.371875 0.33794642812500003 0.4 0.47289870624999997 0.4
0 0.4640625 0.309375 0.478125 0.328125 0.490625 0.3265625 0.50625 0.3109375 0.5078125 0.296875 0.4890625 0.2515625 0.4875 0.203125 0.4796875 0.18125 0.4640625 0.165625 0.453125 0.1640625 0.434375 0.196875 0.4359375 0.225 0.4640625 0.309375
0 0.3268382359375 0 0.309375 0.0078125 0.28125 0.04375 0.284375 0.0578125 0.303125 0.0625 0.3125 0.0578125 0.3234375 0.028125 0.3296875 0.028125 0.33125 0.0640625 0.35625 0.0765625 0.5046875 0.0796875 0.5140625 0.0703125 0.5140625 0.0453125 0.478125 0.00625 0.46428571406249997 0 0.3268382359375 0
0 0.3109375 0.3875 0.3375 0.3875 0.35625 0.375 0.3828125 0.3390625 0.359375 0.3203125 0.3140625 0.303125 0.240625 0.2984375 0.2125 0.3109375 0.171875 0.3609375 0.1703125 0.375 0.278125 0.3765625 0.3109375 0.3875
0 0.51875 0.1046875 0.5203125 0.134375 0.5125 0.15 0.5328125 0.1609375 0.5328125 0.14375 0.5453125 0.109375 0.5453125 0.071875 0.5265625 0.059375 0.51875 0.1046875
2 0.61875 0 0.61875 0.3873423171875 0.765625 0.3765625 0.8640625 0.3546875 0.8765625 0.346875 0.865625 0.2515625 0.865625 0.228125 0.8734375 0.21875 0.8921875 0.2125 1 0.20420673125 1 0.0131696421875 0.9984375 0.0078125 0.85 0.0125 0.8375 0.003125 0.8372258765625 0 0.61875 0
2 0.61875 0.4420364421875 0.2109375 0.453125 0.190625 0.4875 0.178125 0.5546875 0.1859375 0.6640625 0.209375 0.746875 0.2296875 0.759375 0.375 0.7546875 0.4171875 0.7921875 0.45625 0.8078125 0.5078125 0.803125 0.5765625 0.75625 0.61875 0.755859375 0.61875 0.4420364421875