2 0 0.5074135640625 0.06875 0.5015625 0.1171875 0.4828125 0.1328125 0.4640625 0.1234375 0.3953125 0.1453125 0.384375 0.209375 0.3734375 0.225 0.353125 0.225 0.3234375 0.2046875 0.26875 0.184375 0.2453125 0.1640625 0.240625 0 0.26796875 0 0.5074135640625
1 0 0.080997984375 0.04375 0.1515625 0.084375 0.1875 0.140625 0.2109375 0.259375 0.2234375 0.3140625 0.2140625 0.3265625 0.1921875 0.33125 0.1625 0.3296875 0.128125 0.31875 0.103125 0.2875 0.0796875 0.1984375 0.0828125 0.1546875 0.0125 0.121875 0.0078125 0.0359375 0.028125 0 0.05208333281250001 0 0.080997984375
2 0.5 0.159940159375 0.44375 0.1515625 0.4515625 0.0859375 0.421875 0.075 0.4109375 0.0640625 0.3109375 0.059375 0.290625 0.065625 0.2859375 0.078125 0.325 0.1046875 0.328125 0.1734375 0.31875 0.196875 0.303125 0.2140625 0.2625 0.221875 0.24375 0.3109375 0.2484375 0.325 0.33125 0.34375 0.4015625 0.346875 0.409375 0.340625 0.4203125 0.2765625 0.5 0.2822544640625 0.5 0.159940159375
2 0.64609375 0.1359375 0.2921875 0.271875
2 0.92734375 0.37578125 0.1453125 0.3265625
0 0.953125 0.49921875 0.05625 0.0796875
0 0.76640625 0.171875 0.026171875 0.059375
0 0.9421875 0.04140625 0.0375 0.0828125
0 0.7109375 0.19921875 0.03984375 0.0921875
0 0.53828125 0.0640625 0.0765625 0.065625
1 0.90234375 0.05 0.1953125 0.1
0 0.9515625 0.284375 0.096875 0.128125
2 0.3480005296875 0.5390625 0.2359375 0.684375 0.153125 0.8046875 0.0703125 0.9109375 0.05625 0.9390625 0.05625 0.98125 0.062053571875000005 1 0.49464285781250006 1 0.5 0.9902173906249999 0.5 0.8760416671875 0.459375 0.815625 0.5 0.7625868062500001 0.5 0.5525416671875 0.48957796406250004 0.5390625 0.3480005296875 0.5390625
1 0.78125 0.65625 0.765625 0.665625 0.759375 0.7171875 0.75 0.728125 0.659375 0.7265625 0.64375 0.815625 0.640625 0.859375 0.6453125 0.8671875 0.7421875 0.871875 0.8296875 0.859375 0.8828125 0.8359375 0.921875 0.796875 0.940625 0.7421875 0.9484375 0.678125 0.940625 0.66875 0.78125 0.65625
2 1 1 1 0.8387348796874999 0.9953125 0.840625 0.91875 0.884375 0.8265625 0.915625 0.8 0.9171875 0.7859375 0.9265625 0.7828125 0.9375 0.8 0.9734375 0.8162076265625 1 1 1