2 0.0350446421875 0 0.0328125 0.0015625 0 0.049879807812499996 0 0.261780428125 0.0328125 0.2734375 0.0484375 0.2671875 0.0796875 0.2234375 0.1015625 0.2234375 0.14375 0.2375 0.16875 0.234375 0.2078125 0.1921875 0.225 0.146875 0.2171875 0.13125 0.15625 0.1015625 0.18125 0.053125 0.178125 0.0390625 0.1671875 0.028125 0.105016446875 0 0.0350446421875 0
1 0.1890625 0.4890625 0.2015625 0.4828125 0.234375 0.4515625 0.2546875 0.4109375 0.2546875 0.396875 0.246875 0.3890625 0.190625 0.353125 0.1515625 0.3359375 0.0828125 0.3265625 0.025 0.3390625 0 0.3525240390625 0 0.4890625 0.0618009875 0.4890625 0.0890625 0.4625 0.1046875 0.465625 0.143359375 0.4890625 0.1890625 0.4890625
2 0.25625 0.2546875 0.2671875 0.2671875 0.3390625 0.30625 0.38125 0.315625 0.415625 0.2734375 0.43125 0.2734375 0.4671875 0.296875 0.4890625 0.2984375 0.5234375 0.28125 0.5484375 0.25625 0.559375 0.2390625 0.559375 0.215625 0.5015625 0.178125 0.5046875 0.159375 0.5359375 0.1265625 0.5359375 0.1078125 0.4875 0.075 0.4296875 0.0625 0.409375 0.0703125 0.3703125 0.109375 0.259375 0.240625 0.25625 0.2546875
2 0.5796875 0.4615 0.9 0.4 0.95 0.3953125 0.9703125 0.365625 0.975 0.3078125 0.959375 0.253125 0.9328125 0.2109375 0.8984375 0.184375 0.6390625 0.2125 0.625 0.2015625 0.6125 0.1765625 0.584375 0.1546875 0.5796875 0.1542708328125 0.5796875 0.4615
0 0.7375 0.265625 0.728125 0.2734375 0.7265625 0.29375 0.715625 0.309375 0.7328125 0.3203125 0.8640625 0.3203125 0.940625 0.3140625 0.9625 0.33125 0.971875 0.3125 0.9625 0.2703125 0.9484375 0.253125 0.91875 0.2515625 0.8703125 0.2609375 0.7375 0.265625
0 0.6078125 0.271875 0.590625 0.3046875 0.5921875 0.31875 0.6328125 0.3296875 0.64375 0.3453125 0.66875 0.34375 0.721875 0.3234375 0.7734375 0.284375 0.7703125 0.2765625 0.69375 0.265625 0.6703125 0.2734375 0.628125 0.2671875 0.6078125 0.271875
0 0.6296875 0.2296875 0.6265625 0.225 0.6046875 0.225 0.584375 0.23125 0.6296875 0.2296875
0 0.8078125 0.38125 0.8046875 0.3984375 0.8203125 0.409375 0.846875 0.4078125 0.896875 0.396875 0.95 0.39375 0.9640625 0.3828125 0.9671875 0.3640625 0.9609375 0.353125 0.909375 0.3515625 0.821875 0.3671875 0.8078125 0.38125
2 0.5796875 1 0.5796875 0.6947240265625 0.5296875 0.71875 0.5125 0.7203125 0.4890625 0.66875 0.4609375 0.6296875 0.4453125 0.6234375 0.415625 0.6234375 0.396875 0.6296875 0.3640625 0.6546875 0.334375 0.703125 0.334375 0.7515625 0.3578125 0.7953125 0.3421875 0.809375 0.2421875 0.85625 0.234375 0.8703125 0.25625 0.99375 0.2582291671875 1 0.5796875 1
0 0.54453125 0.8203125 0.0703125 0.24375
1 0.9421875 0.8515625 0.9609375 0.821875 0.9640625 0.765625 0.9390625 0.6921875 0.9296875 0.684375 0.9 0.684375 0.8203125 0.7 0.784375 0.715625 0.8015625 0.7890625 0.7828125 0.8078125 0.7796875 0.8375 0.7859375 0.853125 0.8109375 0.8734375 0.884375 0.878125 0.9046875 0.8734375 0.9421875 0.8515625
2 0.7290625000000001 0.4890625 0.75625 0.6703125 0.8078125 0.6703125 0.8921875 0.6546875 0.8859375 0.5953125 0.9609375 0.578125 0.9734375 0.5640625 0.975 0.5375 0.9671875 0.5015625 0.9594951921874999 0.4890625 0.7290625000000001 0.4890625
1 0.904296875 1 0.9234375 0.9953125 0.9296875 0.965625 0.9171875 0.9296875 0.89375 0.9046875 0.865625 0.9 0.7734375 0.9171875 0.7453125 0.93125 0.71875 0.9546875 0.709375 1 0.904296875 1