2 0.36875 0.1515625 0.3375 0.1640625 0.053125 0.3109375 0.021875 0.321875 0 0.323625 0 0.468036684375 0.0671875 0.525 0.096875 0.540625 0.1234375 0.5359375 0.2671875 0.4484375 0.290625 0.453125 0.36875 0.5052083328125 0.36875 0.1515625
0 0.0953125 0.409375 0.021875 0.428125 0.0078125 0.4390625 0.0078125 0.4484375 0.0203125 0.459375 0.046875 0.4515625 0.0765625 0.478125 0.1078125 0.48125 0.134375 0.465625 0.1828125 0.4203125 0.184375 0.403125 0.171875 0.3984375 0.1484375 0.409375 0.0953125 0.409375
0 0.246875 0.33125 0.209375 0.409375 0.2484375 0.4125 0.290625 0.3796875 0.31875 0.33125 0.328125 0.290625 0.315625 0.290625 0.2859375 0.315625 0.246875 0.33125
0 0.36875 0.16484375 0.321875 0.1765625 0.2703125 0.20625 0.36875 0.20625 0.36875 0.16484375
0 0 0.3535879625 0.034375 0.3453125 0.0578125 0.3265625 0.1 0.3078125 0.1046875 0.29375 0.0953125 0.29375 0.034375 0.321875 0 0.326171875 0 0.3535879625
0 0.1609375 0.4953125 0.1328125 0.49375 0.0953125 0.5078125 0.1 0.5203125 0.09375 0.5234375 0.0953125 0.534375 0.121875 0.5359375 0.1640625 0.509375 0.1609375 0.4953125
2 0.36875 0.65 0.28745888124999996 0.65 0.1109375 0.7328125 0.059375 0.765625 0.1515625 0.875 0.1640625 0.8765625 0.225 0.8453125 0.2421875 0.8421875 0.2921875 0.89375 0.321875 0.89375 0.3640625 0.88125 0.36875 0.8785456734375 0.36875 0.65
2 0 0.65 0 0.7624348953125 0.0109375 0.765625 0.05 0.76875 0.078125 0.7484375 0.1140625 0.7015625 0.1484375 0.6921875 0.1828125 0.665625 0.190625 0.65 0 0.65
2 0.45187499999999997 0.65 0.36875 0.70390951875 0.36875 1 0.4987896125 1 0.4921875 0.9765625 0.5296875 0.9375 0.609375 0.903125 0.634375 0.8796875 0.6234375 0.7890625 0.5953125 0.7046875 0.5690204328125 0.65 0.45187499999999997 0.65
0 0.52578125 0.77578125 0.1546875 0.1125
0 0.4140625 0.759375 0.090625 0.090625