2 0 0.3322385203125 0.0375 0.3796875 0.0625 0.3828125 0.146875 0.3484375 0.175 0.328125 0.1828125 0.3296875 0.1921875 0.3125 0.1546875 0.2625 0.1859375 0.2578125 0.2015625 0.240625 0.225 0.2296875 0.2125 0.1921875 0.184375 0.1515625 0.15 0.1203125 0.0609375 0.1484375 0.015625 0.0921875 0 0.09031249999999999 0 0.3322385203125
2 0 0 0 0.09072265625 0.0046875 0.090625 0.0359375 0.10625 0.1515625 0.1203125 0.1921875 0.1171875 0.209375 0.0671875 0.2109019890625 0 0 0
2 0.2147693453125 0 0.2140625 0.0296875 0.196875 0.1203125 0.2 0.1484375 0.25825733125 0.1741491453125 0.2765625 0.1765625 0.3703125 0.1640625 0.384375 0.1390625 0.3859375 0.0609375 0.4546875 0.0375 0.4875 0.0171875 0.49895833281249996 0 0.2147693453125 0
1 0.1875 0.3546875 0.19375 0.3640625 0.3421875 0.359375 0.390625 0.3375 0.4171875 0.3125 0.434375 0.275 0.434375 0.18125 0.4171875 0.171875 0.3671875 0.1671875 0.2796875 0.18125 0.275 0.1859375 0.275 0.2421875 0.196875 0.2421875 0.1921875 0.246875 0.184375 0.303125 0.1890625 0.3140625 0.1875 0.3546875
1 0.55 0.165972221875 0.5484375 0.165625 0.4921875 0.1640625 0.4578125 0.171875 0.45 0.1890625 0.440625 0.290625 0.4515625 0.315625 0.4859375 0.346875 0.5265625 0.3609375 0.55 0.3646739125 0.55 0.165972221875
2 0.55 0 0.55 0.45 0.733963815625 0.45 0.7234375 0.41875 0.715625 0.3734375 0.8265625 0.175 0.8390625 0.1171875 0.8375 0.0765625 0.8125 0.0078125 0.806600765625 0 0.55 0
0 0.65703125 0.04765625 0.0796875 0.0953125
0 0.69375 0.25 0.1 0.246875
1 0.2571732953125 1 0.2765625 0.9671875 0.2875 0.9171875 0.2765625 0.871875 0.2609375 0.846875 0.1828125 0.775 0.1671875 0.76875 0.14375 0.771875 0.0921875 0.7953125 0.059375 0.8171875 0.028125 0.8484375 0.01875 0.875 0.0734375 0.928125 0.015625 0.978125 0 0.9859375 0 0.9916666671875 0.00625 1 0.2571732953125 1
2 0.55 0.45 0.4170814046875 0.45 0.4125 0.5984375 0.421875 0.609375 0.4609375 0.6140625 0.55 0.611480978125 0.55 0.45
1 1 0.5647260281250001 0.990625 0.565625 0.9203125 0.5859375 0.859375 0.6203125 0.81875 0.659375 0.7921875 0.709375 0.7875 0.7671875 0.771875 0.821875 0.7765625 0.8484375 0.7703125 0.903125 0.7734375 0.95 0.953125 0.9578125 1 0.956300403125 1 0.5647260281250001