1 0.4296875 0.61875 0.4296875 0.313653846875 0.340625 0.321875 0.2859375 0.3390625 0.228125 0.3734375 0.1890625 0.4140625 0.165625 0.45625 0.1515625 0.534375 0.140625 0.553125 0.1484375 0.5765625 0.143432203125 0.61875 0.4296875 0.61875
1 0.73798076875 0 0.7265625 0.0078125 0.6984375 0.0375 0.6953125 0.053125 0.7453125 0.109375 0.7953125 0.146875 0.8109375 0.153125 0.9046875 0.153125 0.95625 0.1328125 1 0.1015625 1 0.04161931875 0.975 0.0109375 0.94765625 0 0.9249218750000001 0 0.8625 0.0265625 0.8368229171875001 0 0.73798076875 0
1 1 0.3184742640625 0.9984375 0.3171875 0.978125 0.3171875 0.95625 0.325 0.9 0.3265625 0.8765625 0.334375 0.834375 0.365625 0.8125 0.40625 0.8109375 0.4328125 0.8421875 0.515625 0.90625 0.5078125 0.9796875 0.4875 0.9828125 0.478125 0.9640625 0.428125 1 0.42050189375 1 0.3184742640625
1 1 0.2401041671875 0.975 0.2078125 0.9375 0.1734375 0.8859375 0.153125 0.8265625 0.15 0.715625 0.1828125 0.71875 0.2296875 0.7484375 0.275 0.775 0.2703125 0.79375 0.284375 0.803125 0.284375 0.85 0.2703125 0.884375 0.31875 0.9046875 0.321875 0.9828125 0.2890625 1 0.27703125 1 0.2401041671875
1 0.9333639703125 0.61875 0.9515625 0.609375 0.9640625 0.5921875 0.9453125 0.5546875 0.9203125 0.5234375 0.909375 0.5140625 0.890625 0.5125 0.8359375 0.51875 0.8109375 0.528125 0.7703125 0.553125 0.7390625 0.5953125 0.7328125 0.6171875 0.732928240625 0.61875 0.9333639703125 0.61875
2 0.834375 0.371875 0.8328125 0.346875 0.815625 0.309375 0.7921875 0.278125 0.7703125 0.26875 0.471875 0.359375 0.46875 0.371875 0.5078125 0.440625 0.534375 0.4734375 0.6171875 0.453125 0.6515625 0.5046875 0.69375 0.5 0.734375 0.4875 0.7953125 0.459375 0.7890625 0.4375 0.7640625 0.396875 0.825 0.3828125 0.834375 0.371875
2 0 1 0.26749999999999996 1 0.3828125 0.9390625 0.4 0.925 0.40625 0.90625 0.4 0.846875 0.390625 0.8390625 0.3796875 0.8390625 0.346875 0.8515625 0.33125 0.8265625 0.3140625 0.7765625 0.3171875 0.7578125 0.359375 0.721875 0.359375 0.709375 0.3359375 0.6734375 0.3203125 0.6640625 0.3078125 0.6640625 0.1875 0.721875 0.1703125 0.7234375 0.146875 0.671875 0.11875 0.6328125 0.103125 0.6265625 0.0734375 0.6265625 0.0546875 0.6328125 0.021875 0.6578125 0 0.6935032890625 0 0.7692708328125 0.015625 0.7984375 0 0.8125 0 1
0 0.2859375 0.8234375 0.2375 0.24375
2 0.4296875 0.61875 0.4296875 0.7552989125 0.45625 0.7703125 0.465625 0.7703125 0.478125 0.765625 0.661153846875 0.61875 0.4296875 0.61875
2 0.6319196421875001 1 0.6640625 0.975 0.6359375 0.8953125 0.725 0.8703125 0.7359375 0.8625 0.7421875 0.846875 0.7390625 0.809375 0.715625 0.7609375 0.69375 0.7375 0.6625 0.73125 0.4296875 0.7781880046875 0.4296875 0.9482834499999999 0.4359375 0.946875 0.4640625 0.9953125 0.47410714218749994 1 0.6319196421875001 1
2 0.8276562500000001 0.61875 0.753125 0.6328125 0.7125 0.6515625 0.7203125 0.7109375 0.76875 0.928125 0.784375 0.9359375 0.8640625 0.9359375 0.8875 0.9265625 0.95 0.9171875 0.9546875 0.8984375 0.9453125 0.8484375 1 0.8379206734375 1 0.6807291671875 0.990625 0.6765625 0.9125 0.6875 0.8921875 0.621875 0.8546875 0.61875 0.8276562500000001 0.61875