1 0.034946646875 0 0.0296875 0.0046875 0.028125 0.0171875 0.0375 0.028125 0.0390625 0.04375 0.1 0.0640625 0.1234375 0.096875 0.1546875 0.09375 0.19375 0.0578125 0.20625 0.059375 0.2515625 0.0859375 0.2734375 0.084375 0.33125 0.0234375 0.34375 0.0046875 0.34421875 0 0.034946646875 0
1 0 0.4211693546875 0.0296875 0.425 0.06875 0.4234375 0.0859375 0.353125 0.0859375 0.3078125 0.0125 0.2953125 0.0078125 0.2796875 0.0140625 0.2390625 0.0015625 0.2265625 0 0.22619047656250002 0 0.4211693546875
1 0.1765625 0.1953125 0.1296875 0.2171875 0.1171875 0.2296875 0.1171875 0.2421875 0.140625 0.284375 0.1828125 0.325 0.2 0.325 0.2875 0.2859375 0.309375 0.26875 0.328125 0.234375 0.321875 0.1546875 0.271875 0.0890625 0.2546875 0.0875 0.1796875 0.1171875 0.1421875 0.14375 0.146875 0.1734375 0.1765625 0.1953125
2 0.409375 0.2796875 0.4609375 0.296875 0.5390625 0.3109375 0.5734375 0.2578125 0.5890625 0.25625 0.653125 0.2734375 0.66875 0.2609375 0.6921875 0.2265625 0.7125 0.1859375 0.715625 0.1671875 0.65625 0.1453125 0.6453125 0.1359375 0.64375 0.128125 0.6671875 0.096875 0.6671875 0.0796875 0.60625 0.05 0.528125 0.034375 0.51875 0.040625 0.409375 0.2201121796875 0.409375 0.2796875
2 0.409375 0.4796875 0.6585546875 0.4796875 0.659375 0.446875 0.65 0.4046875 0.6375 0.3953125 0.571875 0.396875 0.565625 0.384375 0.5671875 0.34375 0.5609375 0.3375 0.490625 0.3328125 0.409375 0.338944575 0.409375 0.4796875
1 0.9421875 0.1109375 0.915625 0.0859375 0.9015625 0.084375 0.8421875 0.1015625 0.790625 0.125 0.765625 0.146875 0.753125 0.1671875 0.746875 0.190625 0.7515625 0.234375 0.7828125 0.296875 0.7953125 0.3078125 0.8515625 0.2984375 0.9171875 0.271875 0.9265625 0.2578125 0.9015625 0.2078125 0.9671875 0.184375 0.965625 0.1578125 0.9421875 0.1109375
1 0.62375 0 0.6359375 0.0203125 0.7125 0.015625 0.721875 0.03125 0.728125 0.0703125 0.7390625 0.08125 0.790625 0.0828125 0.84375 0.075 0.865625 0.06875 0.875 0.059375 0.8633578437499999 0 0.62375 0
2 1 0.4796875 1 0.25 0.978125 0.25 0.9234375 0.25625 0.909375 0.284375 0.90625 0.3515625 0.921875 0.4796875 1 0.4796875
2 0 1 0.409375 1 0.409375 0.48141911718749997 0 0.7241544125 0 1
0 0.09453125 0.8125 0.1890625 0.115625
0 0.3125 0.92421875 0.16875 0.1515625
0 0.2609375 0.603125 0.296875 0.084375