0 0.53515625 0.98515625 0.0890625 0.0296875
0 0.17890625 0.82109375 0.12265625 0.0453125
0 0.159375 0.903125 0.17734375 0.04609375
2 0.121875 0.82578125 0.24375 0.2640625
0 0.03046875 0.8140625 0.0609375 0.053125
0 0.1671875 0.8515625 0.16640625 0.071875
2 0.40859375 0.9109375 0.3421875 0.178125
1 0.253125 0.61953125 0.2890625 0.28828125
0 0.08828125 0.81953125 0.1765625 0.1046875
0 0.353125 0.88203125 0.10859375 0.08125
2 0.5822748468750001 0.45 0.5796875 0.4552781875 0.5796875 0.9621574953125 0.5837622546875 0.9626225484375001 0.590625 0.9650735296875 0.5984681375 0.96948529375 0.608925653125 0.9724264703125 0.6533700984374999 0.9763480390625 0.6651348046875001 0.9783088234375 0.6814746734374999 0.9827205875 0.6958537578125 0.9849264703125 0.7399714046875 0.9878676468750001 0.74912173125 0.9859068624999999 0.7536968953125001 0.9805147062499999 0.7641544125 0.9412990203125 0.776245915625 0.8866421562500001 0.78212826875 0.8515931375000001 0.8255923203125001 0.65698529375 0.8318014703125 0.6226715687500001 0.8399714046875 0.592524509375 0.8448733656249999 0.5618872546875 0.85075571875 0.5376225484375 0.8582720593750001 0.49203431406250003 0.8625204249999999 0.47340686249999997 0.8638276140624999 0.4591911765625 0.8610765140625001 0.45 0.5822748468750001 0.45
0 0.7693952234375 0.45 0.76644199375 0.4577205875 0.7546772875000001 0.48198529375000004 0.7520629078125001 0.490318628125 0.74912173125 0.49473039218750003 0.7494485296875 0.49987745156249996 0.75238970625 0.5025735296875 0.7566380718750001 0.5023284312499999 0.7608864375 0.500367646875 0.770690359375 0.4900735296875 0.7746119281249999 0.4822303921875 0.7798406859375 0.4765931375 0.7873570265625001 0.46482843125000006 0.7943810203125 0.45 0.7693952234375 0.45
0 0.5796875 0.9546785640625 0.5824550656249999 0.955024509375 0.586376634375 0.9569852937500001 0.5902982031249999 0.9567401953125 0.5932393796875 0.9547794125 0.6030433000000001 0.9398284312499999 0.626245915625 0.8859068625 0.63833741875 0.8535539218749999 0.646507353125 0.8363970593750001 0.660559640625 0.7861519609375 0.6608864375 0.7770833328125001 0.662193628125 0.7738970593750001 0.6592524515625 0.7731617640625 0.652716503125 0.7827205875000001 0.6340890515625001 0.826102940625 0.6236315359375 0.8408088234375001 0.608925653125 0.8552696078124999 0.604350490625 0.861397059375 0.5932393796875 0.8893382359374999 0.5796875 0.916721003125 0.5796875 0.9546785640625
0 0.5827818625 0.45 0.5818014703125 0.45110294062499995 0.5796875 0.45510438437499995 0.5796875 0.641020971875 0.5853962421875 0.6381127453125 0.5952001640625 0.634436275 0.6072916671875 0.6327205874999999 0.62265114375 0.63198529375 0.63506944375 0.629289215625 0.640951796875 0.625367646875 0.6507557187499999 0.60625 0.6533700984374999 0.5981617640625 0.6576184640625 0.5743872546875 0.662193628125 0.559436275 0.666768790625 0.5238970593750001 0.672324346875 0.509436275 0.6782066999999999 0.48321078437500004 0.687030228125 0.4604166671875 0.68970116875 0.45 0.5827818625 0.45