1 0 0 0 0.4599264703125 0.05625 0.45 0.09375 0.434375 0.1078125 0.41875 0.1015625 0.3203125 0.1015625 0.2796875 0.10625 0.275 0.2890625 0.2890625 0.3171875 0.2796875 0.346875 0.25 0.36875 0.20855263124999998 0.36875 0.0260416671875 0.3421875 0.0171875 0.2055921046875 0 0 0
0 0.4265625 0.32578125 0.055859375 0.0859375
0 0.615625 0.23125 0.02578125 0.07890625
2 0.53515625 0.55234375 0.2390625 0.0734375
1 0.6046875 0.1515625 0.17890625 0.24140625
0 0.50390625 0.45234375 0.053125 0.1125
2 0.4625 0.29609375 0.1875 0.5546875
0 0.684375 0.09296875 0.025 0.046875
0 0.49375 0.51875 0.0375 0.04140625
0 0.47578125 0.27421875 0.04375 0.08046875
1 0.36875 1 0.36875 0.9015625 0.365625 0.8859375 0.3203125 0.890625 0.3109375 0.8953125 0.303125 0.9140625 0.2734375 0.91875 0.2859375 0.9125 0.2859375 0.90625 0.2703125 0.8921875 0.259375 0.83125 0.2265625 0.8296875 0.071875 0.8546875 0.090625 0.95 0.1078125 0.98125 0.1308238640625 1 0.36875 1
2 0.0896484375 0.5890625 0.0890625 0.590625 0.1109375 0.628125 0.2640625 0.821875 0.2890625 0.825 0.36875 0.792534721875 0.36875 0.5890625 0.29244791718749996 0.5890625 0.2875 0.590625 0.28624131875000003 0.5890625 0.0896484375 0.5890625
2 0.9071659484375001 1 0.9078125 0.98125 0.9015625 0.9546875 0.8765625 0.9515625 0.853125 0.9640625 0.8421875 0.9578125 0.828125 0.9234375 0.8171875 0.8765625 0.8640625 0.8296875 0.8515625 0.8 0.834375 0.78125 0.8109375 0.7796875 0.6765625 0.8390625 0.63125 0.753125 0.6125 0.7421875 0.59375 0.740625 0.571875 0.7453125 0.534375 0.76875 0.503125 0.815625 0.4984375 0.85625 0.5078125 0.89375 0.5203125 0.9140625 0.4046875 0.9765625 0.4046875 1 0.9071659484375001 1
0 0.79296875 0.91015625 0.2171875 0.1796875