2 0.459375 0.6296875 0.459375 0.3159841953125 0.396875 0.284375 0.390625 0.2734375 0.4 0.2546875 0.403125 0.2171875 0.390625 0.1734375 0.3765625 0.15 0.328125 0.1109375 0.2796875 0.1046875 0.25625 0.1125 0.2453125 0.1234375 0.1984375 0.196875 0.16875 0.1921875 0.009375 0.11875 0 0.11875 0 0.4884103265625 0.084375 0.5265625 0.1234375 0.55 0.29520833281250003 0.6296875 0.459375 0.6296875
0 0.08984375 0.221875 0.1796875 0.16875
0 0.36953125 0.421875 0.1796875 0.203125
0 0.08984375 0.45 0.1796875 0.1875
0 0.35859375 0.58125 0.2015625 0.096875
2 0.6207474312500001 0 0.5972821015625 0.36172945 0.6113422515625 0.430526871875 0.7201017109375 0.496875 0.7254753765624999 0.496875 0.8847335921875 0.4847306015625 0.8675490171875001 0.363814184375 0.9362874359374999 0.28459325 0.95 0.22562895625 0.95 0.22274379375 0.9097293484375001 0.061523109374999996 0.9173622921875001 0 0.6207474312500001 0
0 0.640625 0.13828125 0.025 0.2765625
0 0.7640625 0.340625 0.153125 0.28671875
0 0.35703125 0.93828125 0.0375 0.076953125
2 0.36328125 0.94609375 0.1921875 0.1078125
0 0.303125 0.9515625 0.02890625 0.053125
2 0.459375 1 0.6919331390625001 1 0.709375 0.95 0.6984375 0.9078125 0.6875 0.896875 0.6875 0.8828125 0.7 0.8765625 0.734375 0.8359375 0.74375 0.815625 0.74375 0.790625 0.734375 0.759375 0.696875 0.690625 0.671875 0.6671875 0.646875 0.6609375 0.6078125 0.6875 0.51875 0.775 0.46875 0.8125 0.459375 0.8209134609375 0.459375 1
0 0.69765625 0.78046875 0.0578125 0.2