2 0.559375 0.6 0.559375 0.1977941171875 0.5546875 0.1953125 0.5203125 0.19375 0.4890625 0.20625 0.4640625 0.234375 0.45 0.26875 0.4421875 0.328125 0.346875 0.346875 0.34375 0.453125 0.3546875 0.5234375 0.375 0.528125 0.415625 0.5234375 0.4203125 0.5359375 0.41875 0.5796875 0.4359375 0.590625 0.4640625 0.5890625 0.4681898578125 0.6 0.559375 0.6
0 0.49140625 0.5390625 0.1359375 0.121875
0 0.5296875 0.32734375 0.059375 0.1796875
1 0.73515625 0.5515625 0.2578125 0.096875
0 0.80703125 0.1875 0.01875 0.052734375
2 0.684375 0.15078125 0.25 0.3015625
0 0.76640625 0.20546875 0.034375 0.0921875
0 0.94609375 0.534375 0.0453125 0.1109375
0 0.6875 0.57734375 0.05078125 0.03515625
1 0.90078125 0.065625 0.1921875 0.13125
0 0.6328125 0.5734375 0.04375 0.053125
0 0.59921875 0.04453125 0.0796875 0.0828125
2 0.9203125 0.41171875 0.159375 0.3671875
0 0.8328125 0.590625 0.046875 0.01875
1 0 0.6 0 0.7967741937499999 0.0359375 0.859375 0.0890625 0.909375 0.1265625 0.9328125 0.19375 0.9609375 0.2421875 0.9734375 0.296875 0.9796875 0.4359375 0.978125 0.559375 0.9696445609375001 0.559375 0.6856686828124999 0.425 0.7015625 0.36875 0.6984375 0.353125 0.6796875 0.334671053125 0.6 0 0.6