0 0.334375 0.59140625 0.050390625 0.0578125
0 0.03984375 0.82890625 0.071875 0.08515625
0 0.48046875 0.7875 0.05703125 0.08984375
0 0.4921875 0.68828125 0.0875 0.046875
0 0.21640625 0.85078125 0.1078125 0.05
2 0.37421875 0.721875 0.32109375 0.33046875
0 0.4390625 0.82734375 0.0625 0.090625
2 0.14296875 0.875 0.2859375 0.25
0 0.26171875 0.60078125 0.03828125 0.03984375
0 0.11953125 0.96171875 0.0671875 0.0765625
0 0.48671875 0.7125 0.07734375 0.10390625
0 0.97734375 0.40390625 0.0453125 0.0890625
0 0.7734375 0.51875 0.125390625 0.055859375
0 0.73125 0.409375 0.12734375 0.04296875
0 0.6328125 0.8984375 0.040625 0.06484375
1 1 0.359375 0.7559965484375 0.359375 0.7455984484375 0.3615196078125 0.724683415625 0.3686274515625 0.7083435453125 0.371813725 0.6874285125 0.37745097968749997 0.6717422390625 0.38455882343750003 0.6439644609374999 0.393382353125 0.6380821078125 0.3975490203125 0.633180146875 0.403431371875 0.633180146875 0.40637254843750004 0.6377553109375 0.415686275 0.6423304734374999 0.43137254843750006 0.675337009375 0.505147059375 0.6998468140625 0.54142156875 0.704748775 0.5578431375 0.7080167484375 0.5642156859374999 0.71487949375 0.575 0.721415440625 0.5811274515625 0.7351409312499999 0.5799019609375 0.758997140625 0.5745098046875 0.785467728125 0.5666666671874999 0.816840278125 0.5595588234375001 0.835467728125 0.553431371875 0.8544219765625 0.548774509375 0.8740298203125001 0.5411764703124999 0.893310865625 0.5360294125 0.91324550625 0.528431371875 0.9331801468750001 0.5225490203125001 0.960957925 0.5095588234375 0.9818729578125 0.49754902031250003 0.99919321875 0.48602941250000004 1 0.485296328125 1 0.359375
1 0.56875 1 0.6342293375 1 0.6514808000000001 0.9566176468750001 0.6603043296875 0.925 0.6661866828124999 0.89607843125 0.6681474671875 0.8720588234375001 0.6661866828124999 0.852696078125 0.662918709375 0.8426470593750001 0.655075571875 0.8303921562500001 0.6321997546875 0.8147058828125001 0.603441584375 0.8036764703125 0.56875 0.7949288078125 0.56875 1