2 0.0243566171875 0 0.021875 0.0421875 0.028125 0.0609375 0.125 0.1890625 0.1203125 0.2046875 0.0390625 0.2875 0.0375 0.31875 0.0890625 0.4390625 0.26875 0.4390625 0.2859375 0.43125 0.2943080359375 0.4390625 0.4890625 0.4390625 0.4890625 0.160004496875 0.38125 0.03125 0.357615546875 0 0.0243566171875 0
2 1 0.4390625 1 0.2747682734375 0.6859375 0.2734375 0.6703125 0.26875 0.640625 0.2734375 0.5703125 0.2703125 0.5359375 0.2625 0.525 0.26875 0.51875 0.3546875 0.5208726421875001 0.4390625 1 0.4390625
0 0.61484375 0.3875 0.1953125 0.103125
0 0.94453125 0.29921875 0.1109375 0.0609375
0 0.6390625 0.278125 0.23125 0.046875
0 0.79765625 0.41171875 0.1640625 0.0546875
2 0.4890625 1 0.4890625 0.7433035718750001 0.4546875 0.684375 0.35 0.5234375 0.3375 0.5171875 0.2796875 0.5109375 0.2359375 0.525 0.215625 0.5421875 0.190625 0.640625 0.190625 0.6734375 0.175 0.6953125 0.1453125 0.7140625 0.040625 0.7578125 0.0390625 0.7796875 0.053125 0.8625 0.08820153124999999 1 0.4890625 1
0 0.3859375 0.784375 0.13125 0.1625
0 0.271875 0.93828125 0.146875 0.1234375
0 0.2140625 0.63203125 0.11875 0.175
0 0.3265625 0.553125 0.1 0.1125
2 0.6846000515624999 0.4390625 0.6890625 0.98125 0.7046875 1 0.7140625 0.9953125 0.74375 0.9234375 0.75625 0.9015625 0.771875 0.89375 0.7796875 0.9015625 0.803125 0.975 0.818125 1 0.9300271734375001 1 0.940625 0.9796875 0.946875 0.921875 0.94375 0.890625 0.9765625 0.85 0.9921875 0.8203125 1 0.78671875 1 0.7029017859375 0.996875 0.6828125 0.9578125 0.6078125 0.9578125 0.525 0.96875 0.4859375 0.9710365859374999 0.4390625 0.6846000515624999 0.4390625
0 0.834375 0.71953125 0.33125 0.5609375
0 0.859375 0.521875 0.2 0.165625
0 0.7890625 0.9078125 0.15625 0.184375