2 0.35 0 0.21127232187499997 0 0.1953125 0.2234375 0.19375 0.303125 0.2046875 0.3421875 0.2359375 0.371875 0.2796875 0.3875 0.3125 0.3875 0.3390625 0.3796875 0.35 0.37421875 0.35 0
0 0.2859375 0.115625 0.128125 0.23125
0 0.328125 0.271875 0.04375 0.13125
0 0.69921875 0.41953125 0.0328125 0.0203125
2 0.9046875 0.36171875 0.190625 0.1359375
2 0.175 0.71484375 0.35 0.5703125
0 0.2015625 0.78125 0.121875 0.24140625
0 0.2578125 0.48671875 0.065625 0.1140625
0 0.02578125 0.68203125 0.0515625 0.2328125
1 0.35 0.73046875 0.39375 0.7359375 0.4171875 0.7453125 0.4203125 0.7546875 0.4078125 0.8078125 0.421875 0.81875 0.5078125 0.834375 0.56875 0.8359375 0.58125 0.83125 0.609375 0.746875 0.6078125 0.7046875 0.584375 0.665625 0.5609375 0.6453125 0.509375 0.6203125 0.4609375 0.60625 0.3734375 0.596875 0.3609375 0.6109375 0.35 0.6359375 0.35 0.73046875
1 0.6792708328125 1 0.6765625 0.959375 0.765625 0.9453125 0.7703125 0.8921875 0.7578125 0.84375 0.746875 0.828125 0.7140625 0.828125 0.6546875 0.83125 0.6078125 0.8421875 0.5703125 0.859375 0.5328125 0.890625 0.5203125 0.9078125 0.5078125 0.9453125 0.5095766125 1 0.6792708328125 1
2 0.9296875 0.596875 0.9640625 0.5453125 0.9609375 0.528125 0.9078125 0.4953125 0.85 0.4859375 0.834375 0.49375 0.7875 0.5640625 0.6921875 0.6828125 0.6890625 0.6921875 0.69375 0.696875 0.7546875 0.728125 0.8234375 0.7453125 0.8578125 0.6984375 0.903125 0.71875 0.925 0.721875 0.95625 0.70625 0.9828125 0.6796875 0.9984375 0.65 0.996875 0.634375 0.9296875 0.596875
1 1 0.7141826921875 0.9984375 0.7140625 0.9734375 0.721875 0.9015625 0.725 0.8671875 0.7359375 0.8265625 0.7609375 0.8 0.796875 0.7859375 0.8328125 0.78125 0.88125 0.7859375 0.890625 0.8171875 0.909375 0.85 0.9125 0.8703125 0.921875 0.921875 0.9140625 0.9390625 0.903125 0.95625 0.8390625 1 0.8338125 1 0.7141826921875
2 1 1 1 0.849951171875 0.9578125 0.8328125 0.946875 0.8390625 0.9421875 0.884375 0.934375 0.9015625 0.8578125 0.9203125 0.7806955640625 1 1 1