2 0 0.5296875 0.2693509609375 0.5296875 0.2984375 0.4953125 0.3078125 0.475 0.3078125 0.45 0.2984375 0.41875 0.2609375 0.35 0.2359375 0.3265625 0.2109375 0.3203125 0.171875 0.346875 0.0828125 0.434375 0.0328125 0.471875 0 0.5013221156250001 0 0.5296875
0 0.26171875 0.434375 0.0578125 0.190625
1 0.8265625 0.5296875 0.8265625 0.5289689828124999 0.826118259375 0.5256689125 0.8231770828125 0.51553819375 0.8168045328125 0.5021395015625 0.805530025 0.4880872140625 0.7824908078125 0.46978656093750004 0.760431984375 0.46030943593750007 0.7449908078125 0.449525121875 0.7300398296875 0.44364276875 0.719255515625 0.4357996328125 0.702833946875 0.4279564953125 0.6876378671875 0.41717218125000005 0.6599417875 0.4041002859375 0.6457261015625 0.40148590625 0.6376378671875 0.4037734890625 0.62734375 0.416845384375 0.6160692390625 0.4357996328125 0.608226103125 0.4541002859375 0.6016084546875 0.47566891250000004 0.5971966921874999 0.4864532265625 0.590333946875 0.511616625 0.58739276875 0.5263225078125 0.5870958578125001 0.5296875 0.8265625 0.5296875
1 1 0 0.8235008031250001 0 0.8244485296875 0.0061376625 0.8308210781250001 0.029667074999999998 0.843811275 0.0917585765625 0.8555759796875 0.134569034375 0.8634191171874999 0.15221609375 0.865870096875 0.173784721875 0.87126225625 0.185549428125 0.8762585218750001 0.190625 0.8766593671875 0.190625 0.8854779421875 0.18522263125 0.9070465703124999 0.17901348125 0.9256740203125 0.16888276093750001 0.949938725 0.1594056375 0.961213234375 0.1515624984375 0.9808210781250001 0.1433925640625 0.994056371875 0.1342422390625 1 0.1315154125 1 0
0 0.8984375 0.0328125 0.102734375 0.055859375
0 0.896875 0.103125 0.0890625 0.07734375
0 0.64296875 0.484375 0.0984375 0.090625
0 0.3859375 0.8875 0.146875 0.225
2 0.7484375 0.5296875 0.7296875 0.5484375 0.7078125 0.5953125 0.696875 0.6359375 0.6921875 0.71875 0.7 0.7484375 0.7203125 0.7703125 0.803125 0.809375 0.815625 0.8265625 0.795369525 1 1 1 1 0.5296875 0.8384943187499999 0.5296875 0.8375 0.5359375 0.821875 0.5375 0.7997395828125 0.5296875 0.7484375 0.5296875
0 0.94453125 0.62890625 0.1109375 0.1984375
0 0.928125 0.80625 0.14375 0.303125
0 0.8671875 0.58203125 0.05625 0.1046875