2 0.5296875 0.2009868421875 0.5078125 0.16875 0.4734375 0.1546875 0.453125 0.1625 0.396875 0.165625 0.271875 0.1859375 0.2609375 0.1734375 0.225 0.0953125 0.1859375 0.06875 0.15625 0.065625 0.1015625 0.090625 0.06875 0.1296875 0.05625 0.165625 0.053125 0.2375 0 0.2488333328125 0 0.6276041671875 0.0546875 0.609375 0.1859375 0.578125 0.4140625 0.509375 0.50625 0.4875 0.5296875 0.47730978281249997 0.5296875 0.2009868421875
0 0.06640625 0.3234375 0.1328125 0.10625
0 0.10390625 0.55390625 0.2078125 0.1171875
0 0.42265625 0.2703125 0.2140625 0.103125
0 0.44609375 0.4375 0.1671875 0.059375
0 0.26640625 0.41640625 0.2390625 0.1140625
2 0.641369046875 0 0.596875 0.071875 0.5828125 0.1046875 0.58125 0.15625 0.5953125 0.1875 0.6421875 0.23125 0.68125 0.2484375 0.715625 0.2453125 0.7390625 0.225 0.75625 0.2484375 0.7796875 0.228125 0.815625 0.23125 0.8515625 0.225 0.859375 0.2328125 0.8953125 0.190625 0.9140625 0.15625 0.915625 0.1390625 0.88125 0.040625 0.8796875 0.021875 0.8945624999999999 0 0.641369046875 0
2 1 1 1 0.8181673734375 0.76875 0.8171875 0.753125 0.8125 0.7234375 0.8171875 0.653125 0.8140625 0.61875 0.80625 0.6078125 0.8125 0.6015625 0.8984375 0.60411753125 1 1 1
0 0.69765625 0.93984375 0.1953125 0.1203125
0 0.721875 0.821875 0.23125 0.046875
0 0.88046875 0.9640625 0.1640625 0.071875