2 0.2548076921875 0 0.246875 0.009375 0.25625 0.115625 0.253125 0.1453125 0.2328125 0.146875 0.21875 0.1359375 0.2046875 0.134375 0.184375 0.1609375 0.190625 0.190625 0.2390625 0.2640625 0.2359375 0.278125 0.1734375 0.3125 0.1640625 0.3265625 0.1703125 0.403125 0.19375 0.478125 0.2234375 0.5390625 0.2421875 0.5640625 0.253125 0.56875 0.2734375 0.5609375 0.3671875 0.4984375 0.3796875 0.5 0.3875 0.509375 0.390625 0.5328125 0.421875 0.5796875 0.6390625 0.5796875 0.6390625 0.358661684375 0.5546875 0.2421875 0.39375 0.034375 0.38125 0.009375 0.3671875 0 0.2548076921875 0
0 0.2859375 0.13125 0.184375 0.2625
0 0.3609375 0.05078125 0.06875 0.1015625
0 0.57109375 0.3796875 0.1359375 0.315625
0 0.43984375 0.52265625 0.1265625 0.1140625
2 0.77119140625 0.5796875 0.784375 0.55625 0.815625 0.45 0.8328125 0.3578125 0.84375 0.328125 0.84375 0.2828125 0.6390625 0.1754481125 0.6390625 0.55576923125 0.68108108125 0.5796875 0.77119140625 0.5796875
0 0.7390625 0.27421875 0.2 0.1921875
0 0.70625 0.45546875 0.134375 0.1671875
1 0.6390625 1 0.6390625 0.9294270828125001 0.631510415625 0.93194444375 0.619745709375 0.939460784375 0.613618259375 0.9469771234375 0.601853553125 0.9564542484375 0.5962162984375 0.9639705875000001 0.5903339453124999 0.9685457515625 0.58420649375 0.9786764703124999 0.5766084546875 0.9799836593750001 0.5724417875000001 0.9770424828125 0.5699908078125 0.9721405234375 0.5641084546874999 0.9649509796875 0.5594515921875 0.9558006531250001 0.5535692390625 0.9482843140625 0.5484221796875001 0.937826796875 0.5430300234375001 0.9312908499999999 0.5376378671875 0.9205065359375 0.5290594359375 0.909722221875 0.52636335625 0.9087418296875001 0.5192555140625 0.9162581703124999 0.507245709375 0.9241013078125 0.49278492500000004 0.9361928109375001 0.47905943593750006 0.9525326796875 0.457981003125 0.9691993468749999 0.44695159218749997 0.9825980390625 0.43420649375 0.9927287578125 0.4320006125 0.9966503265625001 0.4315496953125 1 0.6390625 1
2 0.13828125 0.95546875 0.2765625 0.0890625
0 0.2328125 0.9859375 0.075 0.028125
2 0.4109375 0.725 0.225 0.272265625
0 0.340625 0.746875 0.06171875 0.0515625
1 0.1296875 0.7359375 0.203125 0.20859375
0 0.45625 0.63671875 0.04140625 0.05703125
0 0.2390625 0.93671875 0.03515625 0.02109375
0 0.509375 0.96796875 0.053125 0.0640625
0 0.45625 0.77734375 0.06484375 0.0984375
0 0.1734375 0.73125 0.07734375 0.07109375
1 1 0.5986742421875 0.9375 0.60625 0.8640625 0.63125 0.8203125 0.6578125 0.76875 0.7109375 0.74375 0.7578125 0.734375 0.84375 0.728125 0.85625 0.734375 0.8765625 0.7296875 0.98125 1 0.98125 1 0.5986742421875