2 0.147053571875 0.5 0.15 0.0875 0.146875 0.0625 0.121875 0.0265625 0.0921875 0.0109375 0.053125 0.0078125 0.0203125 0.0171875 0 0.03623046875 0 0.5 0.0085 0.5 0.0109375 0.4953125 0.01875 0.490625 0.026116071875 0.5 0.147053571875 0.5
0 0.0671875 0.22265625 0.134375 0.2078125
0 0.0765625 0.46953125 0.153125 0.0609375
0 0.12421875 0.0859375 0.0765625 0.14375
2 0.4 0.3647321421875 0.4046875 0.359375 0.434375 0.29375 0.4515625 0.2859375 0.5609375 0.34375 0.5890625 0.3453125 0.615625 0.303125 0.64375 0.2140625 0.6484375 0.1296875 0.6390625 0.10625 0.4 0.0037946421875 0.4 0.3647321421875
2 0.134375 0.86171875 0.26875 0.2765625
0 0.0484375 0.58984375 0.03125 0.09375
1 0.046875 0.59921875 0.09375 0.1984375
0 0.090625 0.94609375 0.065625 0.1078125
0 0.2234375 0.8796875 0.08828125 0.09140625
2 0.4 0.5 0.4 0.8111607140625001 0.496875 0.825 0.5 0.8546875 0.515625 0.88125 0.5390625 0.90625 0.584375 0.93125 0.653125 0.9453125 0.728125 0.9328125 0.759375 0.915625 0.8125 0.85625 0.83125 0.8484375 1 0.8639666406250001 1 0.5790656359375 0.7140625 0.53125 0.4953125 0.5 0.4 0.5