0 0.33671875 0.13828125 0.0734375 0.2765625
0 0.4296875 0.09765625 0.059375 0.1953125
2 0.459375 0 0.23950892812500002 0 0.2359375 0.03125 0.2171875 0.0890625 0.1796875 0.0890625 0.153125 0.103125 0.1296875 0.13125 0.1046875 0.1984375 0.1015625 0.25625 0.1140625 0.296875 0.128125 0.315625 0.203125 0.3703125 0.2015625 0.5 0.1943256578125 0.56875 0.42916546718750004 0.56875 0.459375 0.2773958328125 0.459375 0
0 0.2578125 0.49453125 0.084375 0.1484375
0 0.4328125 0.46875 0.040625 0.2
0 0.2609375 0.06875 0.075 0.1375
0 0.3703125 0.40078125 0.078125 0.3359375
0 0.2796875 0.56875 0.2796875 0.5453125 0.2859375 0.5140625 0.2828125 0.5078125 0.271875 0.5078125 0.264765625 0.56875 0.2796875 0.56875
0 0.38125 0.2640625 0.3484375 0.2609375 0.3328125 0.2765625 0.3328125 0.3296875 0.34375 0.3875 0.3421875 0.4484375 0.35 0.4765625 0.371875 0.4875 0.3875 0.44375 0.3828125 0.3921875 0.3921875 0.371875 0.3890625 0.325 0.3984375 0.2765625 0.38125 0.2640625
0 0.3126420453125 0 0.309375 0.0015625 0.3140625 0.0890625 0.325 0.109375 0.3328125 0.1046875 0.3484375 0.071875 0.3640625 0.015625 0.362109375 0 0.3126420453125 0
0 0.459375 0.0228365390625 0.43125 0.053125 0.4328125 0.128125 0.4453125 0.140625 0.459375 0.137109375 0.459375 0.0228365390625
0 0.5457720593750001 0.56875 0.5296875 0.546875 0.459375 0.4806504359375 0.459375 0.5263157890625 0.471875 0.5375 0.4703125 0.5625 0.4921875 0.5640625 0.496467390625 0.56875 0.5457720593750001 0.56875
2 0 0.56875 0 0.7336482562500001 0.0046875 0.7359375 0 0.745703125 0 0.8384375000000001 0.01875 0.8671875 0.0453125 0.8921875 0.071875 0.90625 0.109375 0.90625 0.13125 0.88125 0.1609375 0.815625 0.178125 0.8078125 0.2875 0.865625 0.315625 0.8671875 0.3421875 0.825 0.3703125 0.7359375 0.375 0.6515625 0.365625 0.628125 0.2270833328125 0.56875 0 0.56875