2 0.0029650765625 0 0 0.0392198703125 0 0.0587385796875 0.0022875828125000002 0.0626378671875 0.008169935937500001 0.0658241421875 0.016947507812500002 0.06875 0.029916551562499998 0.06875 0.0366013078125 0.067539828125 0.0421568640625 0.06435355468750001 0.0450980390625 0.0587162984375 0.0464052296875 0.04842218125 0.0506535953125 0.033471201562500004 0.0506535953125 0.029549632812499997 0.04934640625 0.02734375 0.05 0.0244025734375 0.0669934640625 0.0190104171875 0.071568628125 0.0165594359375 0.0745098046875 0.01092218125 0.075 0.0077052734375 0.075 0 0.0029650765625 0
0 0.01171875 0.046875 0.01875 0.0375
0 0.046875 0.03984375 0.008984375 0.035546875
0 0.02890625 0.01875 0.0390625 0.0375
1 1 1 1 0.8603231421875 0.9967167078125 0.856694240625 0.9888735703125 0.8510569859375 0.982010825 0.8432138484374999 0.9748212828125 0.8383118875000001 0.967631740625 0.8302236515625001 0.95619383125 0.8221354171874999 0.9525990593749999 0.8214001218749999 0.9431219359374999 0.8270373781250001 0.9271088640624999 0.8329197296874999 0.9078278187500001 0.8419883578124999 0.8895271640625001 0.854243259375 0.8614225890625 0.866743259375 0.8467167078125 0.8767922796875001 0.82972324375 0.8843903187500001 0.8267820671875 0.8873314953125 0.824494484375 0.89689031875 0.8254748765625 0.900321690625 0.8398539625 0.9091452203125 0.8457363156250001 0.9169883578124999 0.8532526546875001 0.9228707109375 0.858154615625 0.9294883578124999 0.8666513484374999 0.93586090625 0.8702461187499999 0.9412530640625001 0.8771088640624999 0.9473805140625 0.8829912171875 0.9559589453124999 0.890180759375 0.9625765937499999 0.8950827203125 0.9689491421875001 0.9035794515625 0.9750765937499999 0.9091350078125 0.9819393375000001 0.9186121328125001 0.9897824749999999 0.9342918546875 1 1 1
2 0.509375 0.91171875 0.21875 0.1765625
0 0.965625 0.98046875 0.06875 0.0390625
0 0.56015625 0.89140625 0.098828125 0.0453125
2 0.79765625 0.68359375 0.3 0.2046875
0 0.41953125 0.98359375 0.0359375 0.0328125
0 0.70390625 0.69921875 0.08203125 0.0390625
1 0.47890625 0.690625 0.1578125 0.15625
0 0.85859375 0.6171875 0.05546875 0.04296875
0 0.56796875 0.8421875 0.046875 0.01640625
0 0.9296875 0.8734375 0.06953125 0.06328125
0 0.85859375 0.72265625 0.08671875 0.0734375
0 0.48125 0.6875 0.10390625 0.053125