0 0.23671875 0.08046875 0.2796875 0.1609375
0 0.14921875 0.44140625 0.2578125 0.2765625
0 0.2337635875 0.5796875 0.2421875 0.4828125 0.23125 0.4609375 0.2296875 0.4 0.2203125 0.3578125 0.203125 0.3265625 0.1921875 0.3421875 0.1890625 0.38125 0.1765625 0.403125 0.175 0.425 0.1875 0.478125 0.1875 0.5171875 0.1796875 0.5515625 0.19375 0.55625 0.2 0.565625 0.1989955359375 0.5796875 0.2337635875 0.5796875
0 0.14145220625 0 0.1171875 0.103125 0.1171875 0.134375 0.1265625 0.1296875 0.153125 0.134375 0.18125 0.1296875 0.196875 0.11875 0.2015625 0.1078125 0.2 0.0390625 0.2078125 0 0.14145220625 0
0 0.2515625 0 0.2515625 0.025 0.271875 0.0671875 0.2703125 0.121875 0.2765625 0.1359375 0.290625 0.1453125 0.309375 0.1421875 0.3390625 0.0703125 0.346875 0 0.2515625 0
0 0.0409007359375 0.5796875 0.0453125 0.5671875 0.0546875 0.5046875 0.0671875 0.4703125 0.0640625 0.4625 0.05 0.4796875 0.05 0.5125 0.0328125 0.5296875 0.021875 0.5609375 0.019375 0.5796875 0.0409007359375 0.5796875
0 0.2397203953125 0.5796875 0.2453125 0.5265625 0.240625 0.48125 0.2328125 0.50625 0.21875 0.503125 0.2078125 0.5109375 0.165625 0.56875 0.16050531875000001 0.5796875 0.2397203953125 0.5796875
2 1 0.5796875 1 0.2901914734375 0.8125 0.140625 0.7453125 0.078125 0.715625 0.05625 0.696875 0.05 0.6734375 0.065625 0.628125 0.1296875 0.6015625 0.184375 0.575 0.2671875 0.575 0.30625 0.58125 0.3203125 0.6796875 0.4078125 0.6953125 0.428125 0.6953125 0.4375 0.6375 0.5484375 0.6390625 0.5609375 0.6600183828125 0.5796875 0.8585625 0.5796875 0.8609375 0.575 0.871484375 0.5796875 1 0.5796875
2 0 1 0.384027778125 1 0.378125 0.9734375 0.384375 0.9484375 0.38125 0.8359375 0.3546875 0.740625 0.346875 0.728125 0.3375 0.725 0.2375 0.725 0 0.734169884375 0 1
0 0.234375 0.86328125 0.290625 0.2734375
0 0.04921875 0.91171875 0.0984375 0.1765625