2 0.08500070625 0 0.035446125 0.509375 0.28249309375 0.509375 0.3 0.3875 0.315625 0.3578125 0.35625 0.3265625 0.375 0.296875 0.38125 0.2734375 0.38125 0.21875 0.365625 0.1703125 0.3421875 0.13125 0.3609375 0.015625 0.3609375 0 0.08500070625 0
0 0.2265625 0.14921875 0.240625 0.2984375
0 0.1453125 0.465625 0.228125 0.0875
2 0.61123046875 0 0.584375 0.0171875 0.5640625 0.0421875 0.546875 0.0921875 0.55329326875 0.509375 0.840625 0.509375 0.9296875 0.509375 0.940625 0.496875 0.9484375 0.4734375 0.9640625 0.365625 0.95625 0.2796875 0.940625 0.240625 0.8125 0.2265625 0.796875 0.2171875 0.796875 0.13125 0.7875 0.0703125 0.7578125 0.0265625 0.73125 0.0015625 0.7276988640625 0 0.61123046875 0
0 0.64609375 0.0671875 0.0828125 0.134375
0 0.64375 0.4015625 0.065625 0.215625
0 0.80703125 0.45 0.0859375 0.11875
0 0.778125 0.13828125 0.046875 0.26875
2 0.4390625 0.509375 0 0.509375 0 0.75625 0.0125 0.8078125 0.03125 0.853125 0.05 0.86875 0.0828125 0.871875 0.190625 0.8546875 0.4390625 0.8420121171874999 0.4390625 0.509375
0 0.08515625 0.5796875 0.1703125 0.1
2 0.8725769921875 1 0.8859375 0.9078125 0.878125 0.821875 0.8625 0.7828125 0.734375 0.76875 0.71875 0.759375 0.71875 0.6734375 0.709375 0.6125 0.6796875 0.56875 0.653125 0.54375 0.6140625 0.5265625 0.58125 0.525 0.5453125 0.534375 0.50625 0.559375 0.4859375 0.584375 0.46875 0.634375 0.47437500000000005 1 0.8725769921875 1
0 0.56796875 0.60234375 0.0828125 0.15
0 0.565625 0.91796875 0.065625 0.1640625
0 0.72890625 0.96640625 0.0859375 0.0671875
0 0.7 0.68046875 0.046875 0.26875