2 0.0213037640625 0 0 0.2701704546875 0 0.4796875 0.2275705640625 0.4796875 0.225 0.4 0.2328125 0.3609375 0.2484375 0.35625 0.28125 0.3609375 0.33125 0.378125 0.3453125 0.3671875 0.3796875 0.2 0.3828125 0.125 0.3609375 0.109375 0.28125 0.0921875 0.265625 0.078125 0.2759885203125 0 0.0213037640625 0
0 0.103125 0.20625 0.16875 0.29921875
0 0.190625 0.41171875 0.090625 0.1359375
0 0.99609375 0.46015625 0.0078125 0.0390625
2 0.85234375 0.23984375 0.2953125 0.4796875
0 0.9609375 0.459375 0.034375 0.040625
0 0.8625 0.07421875 0.075 0.1484375
0 0.77890625 0.325 0.11328125 0.08359375
2 0.0411111109375 0.4796875 0.028125 0.50625 0.0078125 0.59375 0.009375 0.646875 0.021875 0.6921875 0.0390625 0.709375 0.078125 0.728125 0.109375 0.7609375 0.1359375 0.803125 0.1265625 0.821875 0.04375 0.890625 0.0234375 0.9203125 0.025 0.965625 0.0345486109375 1 0.609375 1 0.609375 0.73038903125 0.5953125 0.7171875 0.51875 0.6234375 0.3792698015625 0.4796875 0.0411111109375 0.4796875
0 0.41640625 0.73203125 0.3109375 0.503125
0 0.1546875 0.71015625 0.15625 0.15