2 0.62421875 0.659375 0.2890625 0.21875
0 0.99453125 0.9453125 0.0109375 0.059375
1 0.81953125 0.87421875 0.3609375 0.2515625
0 0.58515625 0.6484375 0.05 0.03125
0 0.61796875 0.72890625 0.05625 0.071875
0 0.8828125 0.97265625 0.05625 0.0546875
0 0.86640625 0.79453125 0.08671875 0.03984375
0 0.49453125 0.67734375 0.0296875 0.0578125
0 0.99140625 0.665625 0.0171875 0.028125
0 0.675 0.7265625 0.05234375 0.0375
0 0.9734375 0.571875 0.04375 0.04375
0 0.72734375 0.59296875 0.04765625 0.025
0 0.65390625 0.82890625 0.06015625 0.02578125
0 0.696875 0.89140625 0.103125 0.04609375
0 0.953125 0.95234375 0.05625 0.0953125
2 0.60625 0.65546875 0.253125 0.1515625