2 0.39908896562499996 0.4890625 0.4953125 0.2734375 0.503125 0.2046875 0.48125 0.1265625 0.4265625 0.0765625 0.390625 0.0609375 0.3703125 0.059375 0.265625 0.165625 0.2265625 0.2234375 0.2078125 0.225 0.09375 0.1828125 0.065625 0.203125 0.0390625 0.2609375 0.021875 0.3453125 0.0265625 0.4109375 0.0453125 0.43125 0.0875 0.45 0.090625 0.465625 0.0760775859375 0.4890625 0.39908896562499996 0.4890625
0 0.4296875 0.1453125 0.09375 0.09375
0 0.228125 0.43671875 0.171875 0.1046875
2 1 0 0.6296875 0 0.6296875 0.27362689375000004 0.6328125 0.2734375 0.6390625 0.2828125 0.65625 0.396875 0.6703125 0.421875 0.6890625 0.4375 0.7265625 0.4484375 0.7546875 0.4484375 0.815625 0.4296875 0.85 0.4 0.8671875 0.36875 0.871875 0.3359375 0.859375 0.2859375 0.8640625 0.278125 0.9921875 0.26875 1 0.26240234375 1 0
0 0.91953125 0.16484375 0.1609375 0.1984375
0 0.71328125 0.0984375 0.1640625 0.08125
0 0.25703125 0.53984375 0.0734375 0.1015625
2 0.0337209296875 0.4890625 0.025 0.5125 0.021875 0.5703125 0.034375 0.6109375 0.0484375 0.6296875 0.1234375 0.684375 0.121875 0.8140625 0.1125 0.903125 0.1234375 0.965625 0.15 0.9984375 0.153125 1 0.32040441249999996 1 0.3359375 0.9796875 0.3421875 0.953125 0.3903045796875 0.4890625 0.0337209296875 0.4890625
0 0.178125 0.8671875 0.084375 0.265625
0 0.353125 0.84140625 0.040625 0.3171875
0 0.290625 0.7390625 0.078125 0.384375
0 0.18221982812499998 1 0.2 0.9140625 0.2 0.859375 0.20625 0.828125 0.203125 0.821875 0.1921875 0.821875 0.18125 0.915625 0.1640625 0.9875 0.1640625 1 0.18221982812499998 1
0 0.26875 0.575 0.253125 0.590625 0.253125 0.64375 0.2640625 0.7015625 0.2625 0.7625 0.2703125 0.790625 0.2921875 0.8015625 0.3078125 0.7578125 0.303125 0.70625 0.3125 0.6859375 0.309375 0.6390625 0.31875 0.590625 0.3015625 0.578125 0.26875 0.575
0 0.94140625 0.9640625 0.0390625 0.071875