0 0.25390625 0.55234375 0.1421875 0.0734375
0 0.43671875 0.03203125 0.0328125 0.0640625
0 0.79375 0.02578125 0.040625 0.0515625
0 0.74453125 0.046875 0.034375 0.037890625
0 0.64375 0.2546875 0.075 0.109375
0 0.796875 0.3265625 0.05546875 0.07421875
0 0.86015625 0.41875 0.046875 0.11015625
0 0.8125 0.4890625 0.0796875 0.1328125
0 0.41328125 0.4703125 0.0328125 0.1140625
0 0.553125 0.3328125 0.09140625 0.0546875
0 0.3984375 0.30390625 0.0375 0.0609375
1 0.3796875 0 0.3796875 0.060975 0.3798125 0.061125 0.39056250000000003 0.06645833281249999 0.3993125 0.069125 0.4108125 0.0757916671875 0.44356249999999997 0.08245833281250001 0.45881249999999996 0.088125 0.47531249999999997 0.090125 0.4840625 0.0857916671875 0.4918125 0.075125 0.4960625 0.058125 0.49806249999999996 0.042125 0.5005625 0.033125 0.5030625 0.0167916671875 0.5049159203125 0 0.3796875 0
2 0.3796875 0.5071191515625 0.3855625 0.5117916671875 0.3930625 0.5144583328125 0.39856250000000004 0.5187916671874999 0.41256250000000005 0.5254583328125 0.4310625 0.530125 0.45481249999999995 0.530125 0.4663125 0.525125 0.47456250000000005 0.515125 0.4833125 0.492125 0.4873125 0.470125 0.49056249999999996 0.460125 0.4923125 0.44679166718749996 0.49381250000000004 0.4434583328125 0.4963125 0.4417916671875 0.5070625 0.444125 0.5560625 0.4627916671875 0.5583125 0.46245833281250004 0.5610625 0.4597916671875 0.5700625 0.4334583328125 0.5858125 0.3687916671875 0.5883125 0.3564583328125 0.5865625 0.3454583328125 0.5925625 0.32979166718749997 0.5925625 0.32379166718749997 0.5908125 0.3207916671875 0.5818125000000001 0.3147916671875 0.5508124999999999 0.30212500000000003 0.5460625 0.29812500000000003 0.5420625 0.2967916671875 0.5383125 0.2917916671875 0.5273125000000001 0.290125 0.5010625 0.28112499999999996 0.4068125 0.24312499999999998 0.38656250000000003 0.236125 0.3796875 0.23287231249999998 0.3796875 0.3933630953125 0.38156249999999997 0.3947916671875 0.3830625 0.3994583328125 0.3830625 0.4047916671875 0.38156249999999997 0.41479166718749994 0.3796875 0.4205729171875 0.3796875 0.5071191515625
2 0.6375624999999999 0.3517916671875 0.6490625 0.3664583328125 0.6538125 0.3707916671875 0.6610625000000001 0.3817916671875 0.6660625 0.3864583328125 0.6870625 0.414125 0.7043125 0.4327916671875 0.7103125 0.4414583328125 0.7165625 0.44712500000000005 0.7233124999999999 0.457125 0.7570625 0.49712500000000004 0.7613125000000001 0.5037916671875 0.7675625 0.5094583328125 0.7745625 0.5191250000000001 0.7795624999999999 0.5231250000000001 0.7875625 0.534125 0.7983125 0.5447916671875 0.8045625000000001 0.548125 0.8170625000000001 0.548125 0.8313124999999999 0.541125 0.8595625 0.5154583328125 0.8753125 0.4907916671875 0.8818125 0.47445833281249994 0.8800625 0.4587916671875 0.8665625 0.42612500000000003 0.8670625000000001 0.42279166718749994 0.8783125 0.4134583328125 0.8790625000000001 0.40912499999999996 0.8778124999999999 0.40012499999999995 0.8708124999999999 0.388125 0.8628125000000001 0.379125 0.8488125 0.3584583328125 0.8218125000000001 0.32379166718749997 0.8218125000000001 0.312125 0.8228125000000001 0.3087916671875 0.8313124999999999 0.2984583328125 0.8378125000000001 0.286125 0.8453125 0.276125 0.8543125 0.2597916671875 0.8578125 0.2484583328125 0.8575624999999999 0.2374583328125 0.8563124999999999 0.23279166718750002 0.8430624999999999 0.21012499999999998 0.8370625 0.20412499999999997 0.8303125 0.19379166718750002 0.8243124999999999 0.18912500000000002 0.8175625 0.1807916671875 0.8100625000000001 0.1757916671875 0.8045625000000001 0.169125 0.7868125 0.1594583328125 0.7788125 0.15812500000000002 0.7755625 0.1594583328125 0.7645625 0.169125 0.7558125 0.1837916671875 0.7470625 0.19279166718750002 0.7418125 0.20245833281249997 0.7370625000000001 0.2047916671875 0.7283125 0.205125 0.7110625 0.186125 0.6935625 0.153125 0.6788125 0.1314583328125 0.6745625000000001 0.12845833281250002 0.6663125 0.12645833281250002 0.6608124999999999 0.1287916671875 0.6540625 0.138125 0.6483125 0.1437916671875 0.5848125 0.2337916671875 0.5738125000000001 0.2527916671875 0.5710625 0.2594583328125 0.5713125 0.2644583328125 0.5738125000000001 0.27279166718750003 0.5970625 0.3014583328125 0.6030625000000001 0.307125 0.6098125 0.3167916671875 0.6158125 0.322125 0.6375624999999999 0.3517916671875
0 0.4159404765625 0 0.41531250000000003 0.008791667187500001 0.4178125 0.031125000000000003 0.4173125 0.0374583328125 0.41531250000000003 0.046791667187500004 0.4110625 0.053458332812499995 0.4078125 0.056125 0.4078125 0.058125 0.40856250000000005 0.060125 0.41531250000000003 0.0667916671875 0.42281250000000004 0.07179166718749999 0.4370625 0.075125 0.4455625 0.0724583328125 0.4493125 0.06979166718749999 0.45006250000000003 0.0677916671875 0.45131250000000006 0.0564583328125 0.45056250000000003 0.032125 0.45481249999999995 0.009458332812500001 0.45493805312499996 0 0.4159404765625 0
0 0.3796875 0.33140208437499996 0.3975625 0.328125 0.4110625 0.328125 0.4190625 0.32379166718749997 0.4173125 0.313125 0.41556249999999995 0.3097916671875 0.3998125 0.30212500000000003 0.3868125 0.2937916671875 0.3796875 0.2920816671875 0.3796875 0.33140208437499996
0 0.4108125 0.5227916671874999 0.41556249999999995 0.4927916671875 0.4293125 0.4334583328125 0.4298125 0.42279166718749994 0.4288125 0.4184583328125 0.4258125 0.41245833281250005 0.4220625 0.411125 0.4150625 0.42379166718750005 0.4113125 0.437125 0.4063125 0.44845833281249997 0.3940625 0.5004583328125001 0.3913125 0.5081249999999999 0.3928125 0.5164583328125001 0.3948125 0.521125 0.39656250000000004 0.5231250000000001 0.3998125 0.5224583328125 0.40406250000000005 0.5244583328125 0.4058125 0.5277916671875 0.40831249999999997 0.5271250000000001 0.4108125 0.5227916671874999
0 0.5695625 0.330125 0.5588124999999999 0.32645833281250003 0.5458125 0.324125 0.5270625 0.3184583328125 0.5135625 0.318125 0.5045625 0.320125 0.5003124999999999 0.32379166718749997 0.5133125 0.3307916671875 0.5198125 0.337125 0.5473125 0.3537916671875 0.5628124999999999 0.3557916671875 0.5865625 0.35612499999999997 0.5875625 0.3534583328125 0.5883125 0.3457916671875 0.5865625 0.3354583328125 0.5815625 0.337125 0.5758125 0.337125 0.5695625 0.330125
0 0.6743125 0.29112499999999997 0.6755625000000001 0.28679166718750004 0.6718125 0.28079166718750004 0.6690625 0.2704583328125 0.6600625 0.2594583328125 0.6543125 0.246125 0.6493125 0.240125 0.6423125000000001 0.22179166718749999 0.6395625 0.2184583328125 0.6323125 0.2134583328125 0.6265625 0.203125 0.6235625 0.20179166718750002 0.6170625 0.20645833281249998 0.6170625 0.21012499999999998 0.6198125 0.21379166718749998 0.6223124999999999 0.22312500000000002 0.6280625000000001 0.23079166718750002 0.6303124999999999 0.2364583328125 0.6355625 0.24479166718749998 0.6443125000000001 0.254125 0.6490625 0.26745833281250003 0.6583125 0.2797916671875 0.6615624999999999 0.28679166718750004 0.6660625 0.2897916671875 0.6743125 0.29112499999999997
0 0.7894627562500001 0 0.7818125 0.020125 0.7778125 0.026125 0.7708125 0.032458332812500004 0.7733125 0.0354583328125 0.7785624999999999 0.039125 0.7890625 0.043125000000000004 0.7945625 0.0424583328125 0.7993125 0.0377916671875 0.8010625000000001 0.032125 0.8023125 0.0184583328125 0.8097509328125 0 0.7894627562500001 0
0 0.7350625 0.056125 0.7380625000000001 0.060791667187499995 0.7423125 0.0614583328125 0.7545624999999999 0.0484583328125 0.7580625 0.032458332812500004 0.7513125 0.0297916671875 0.7420625 0.0327916671875 0.7355625 0.0427916671875 0.7345625 0.0454583328125 0.7350625 0.056125
0 0.8308125000000001 0.506125 0.8285625 0.5051249999999999 0.8235624999999999 0.49712500000000004 0.8165625000000001 0.4894583328125 0.8123125 0.47912499999999997 0.8043125 0.46645833281250004 0.7960625 0.45045833281250003 0.7878125 0.43879166718749996 0.7838125 0.429125 0.7770625 0.42045833281249995 0.7750625 0.4224583328125 0.7753125 0.425125 0.7995625000000001 0.4774583328125 0.8085625000000001 0.4927916671875 0.8193125 0.5157916671875 0.8280625 0.5287916671875 0.8305624999999999 0.5347916671874999 0.8350625 0.5354583328125 0.8370625 0.5344583328125 0.8403124999999999 0.5297916671875 0.8408125 0.5271250000000001 0.8350625 0.5134583328125 0.8308125000000001 0.506125
0 0.8545625000000001 0.3704583328125 0.8510625 0.3697916671875 0.8473124999999999 0.37145833281249996 0.8458124999999999 0.3737916671875 0.8523125 0.41079166718750004 0.8543125 0.4167916671875 0.8675625 0.4384583328125 0.8700624999999998 0.4344583328125 0.8720625 0.4234583328125 0.8758125 0.414125 0.8763124999999998 0.410125 0.8753125 0.4047916671875 0.8680625 0.387125 0.8613125 0.381125 0.8545625000000001 0.3704583328125