2 0.0152698859375 0 0.0140625 0.053125 0.0375 0.415625 0.03761621875 0.4296875 0.31915178593750004 0.4296875 0.3171875 0.4125 0.328125 0.4078125 0.3921875 0.4140625 0.4171875 0.396875 0.434375 0.3390625 0.4375 0.221875 0.4296875 0.1828125 0.4125 0.1484375 0.284375 0.13125 0.2703125 0.1234375 0.2612171046875 0 0.0152698859375 0
0 0.14375 0.0625 0.084375 0.125
0 0.12890625 0.321875 0.0640625 0.215625
0 0.28046875 0.3640625 0.0921875 0.13125
0 0.2484375 0.07265625 0.04375 0.1453125
2 1 0.2203125 0.9796875 0.2015625 0.9578125 0.1921875 0.7546875 0.1359375 0.7234375 0.134375 0.696875 0.146875 0.6796875 0.165625 0.6546875 0.21875 0.6484375 0.25625 0.6296875 0.2703125 0.6234375 0.2859375 0.6234375 0.3234375 0.6328125 0.371875 0.657271634375 0.4296875 0.7484375 0.4296875 0.7546875 0.4265625 0.803125 0.4125 0.8171875 0.4140625 0.828125 0.428125 0.8315504812500001 0.4296875 0.9920454546874999 0.4296875 1 0.419965278125 1 0.2203125
0 0.8984375 0.28046875 0.203125 0.2984375
2 0 0.8453125 0.234375 0.7671875 0.2609375 0.7546875 0.278125 0.7375 0.2921875 0.6546875 0.2921875 0.6078125 0.2765625 0.5265625 0.25625 0.4890625 0.2375 0.46875 0.215625 0.45625 0.184375 0.4546875 0.11875 0.475 0 0.49874999999999997 0 0.8453125
0 0.06015625 0.8390625 0.1203125 0.14375
0 0.225 0.62734375 0.13125 0.33125
2 1 0.4296875 0.531640625 0.4296875 0.5203125 0.475 0.515625 0.5703125 0.53125 0.6734375 0.5453125 0.7171875 0.5609375 0.74375 0.584375 0.753125 0.6875 0.7453125 0.7203125 0.81875 0.759375 0.8625 0.7984375 0.884375 0.8484375 0.8875 0.9 0.86875 0.928125 0.84375 0.946875 0.8078125 0.9609375 0.7390625 0.975 0.7234375 1 0.7212851828125 1 0.4296875