2 0.6611328125 0.4890625 0.6625 0.4671875 0.671875 0.4546875 0.6765625 0.4234375 0.675 0.3265625 0.65625 0.2328125 0.6265625 0.1890625 0.5921875 0.175 0.571875 0.1828125 0.515625 0.1859375 0.390625 0.20625 0.3796875 0.19375 0.34375 0.115625 0.3046875 0.0890625 0.275 0.0859375 0.2203125 0.1109375 0.1875 0.15 0.175 0.1859375 0.171875 0.2578125 0.0546875 0.2828125 0.03125 0.2921875 0.021875 0.303125 0.025 0.4375 0.0340992640625 0.4890625 0.6611328125 0.4890625
0 0.14609375 0.34453125 0.2109375 0.10625
0 0.5515625 0.290625 0.234375 0.103125
0 0.575 0.45859375 0.1875 0.059375
0 0.38515625 0.434375 0.2390625 0.109375
2 0.5243566171875 0.4890625 0.5234375 0.490625 0.46386147656250004 1 0.6765625 1 0.6890625 0.953125 0.6921875 0.903125 0.7078125 0.8921875 0.7296875 0.8884375 0.7296875 0.66167763125 0.728125 0.6609375 0.7296875 0.6526988640625 0.7296875 0.5028125 0.7265625 0.5 0.70625 0.4984375 0.678125 0.5515625 0.646875 0.553125 0.6359375 0.5390625 0.6215144234375 0.4890625 0.5243566171875 0.4890625
0 0.63125 0.540625 0.190625 0.103125
0 0.6515625 0.8296875 0.15625 0.3375
0 0.51953125 0.92890625 0.1015625 0.1421875
2 1 0.4890625 0.7296875 0.4890625 0.7296875 0.581747159375 0.8125 0.615625 0.8171875 0.715625 0.8328125 0.7609375 0.871875 0.7859375 0.915625 0.7875 0.9515625 0.771875 0.978125 0.7375 1 0.5966796875 1 0.4890625
0 0.94609375 0.55 0.1078125 0.121875