2 0 0 0 0.06021875 0.0640625 0.128125 0.190625 0.296875 0.275 0.3890625 0.30625 0.4375 0.3375 0.4703125 0.35625 0.4828125 0.3828125 0.4890625 0.4390625 0.484375 0.4625 0.4703125 0.490625 0.4421875 0.525 0.39375 0.5546875 0.3203125 0.5640625 0.2125 0.609375 0.196875 0.625 0.1640625 0.6265625 0.078125 0.6140625 0.0015625 0.613648896875 0 0 0
0 0.27265625 0.25234375 0.13125 0.2015625
2 1 0 0.66875 0 0.66875 0.2841911765625 0.675 0.28125 0.7421875 0.26875 0.753125 0.2765625 0.7625 0.3015625 0.75625 0.3359375 0.759375 0.39375 0.7765625 0.434375 0.8046875 0.45 0.8578125 0.45625 0.9140625 0.4453125 0.9625 0.421875 0.98125 0.3875 0.96875 0.23125 0.971875 0.2140625 1 0.2028125 1 0
2 0.261814025 0.559375 0.253125 0.615625 0.2421875 0.640625 0.2234375 0.6421875 0.20625 0.6296875 0.140625 0.63125 0.0328125 0.6390625 0 0.6515625 0 1 0.665625 1 0.665625 0.990625 0.66875 0.9883928578125001 0.66875 0.7839583328125 0.646875 0.778125 0.6140625 0.7515625 0.609375 0.7375 0.6171875 0.7171875 0.6421875 0.690625 0.634375 0.646875 0.528125 0.6390625 0.5368906250000001 0.559375 0.261814025 0.559375
0 0.1546875 0.68671875 0.2125 0.1421875
0 0.14453125 0.98359375 0.2859375 0.0328125
0 0.590625 0.96796875 0.15625 0.0640625
0 0.621875 0.7515625 0.09375 0.24375
0 0.48984375 0.78203125 0.1640625 0.15625
0 0.7875 0.93828125 0.2375 0.1234375
0 0.91015625 0.8671875 0.1796875 0.175