0 0.2921875 0.178125 0.175 0.13125
0 0.2265625 0.490625 0.30625 0.05625
2 0.3796875 0 0.3796875 0.45357572187499995 0.515625 0.5171875 0.5175347218749999 0.51875 0.80576923125 0.51875 0.8171875 0.4953125 0.81875 0.478125 0.8125 0.46875 0.828125 0.4609375 0.8421875 0.4421875 0.85 0.3921875 0.8609375 0.36875 0.865625 0.325 0.859375 0.2171875 0.834375 0.115625 0.8203125 0.0984375 0.7234375 0.0609375 0.51875 0.0078125 0.4834239125 0 0.3796875 0
0 0.6015625 0.27578125 0.425 0.421875
0 0.31328125 0.7578125 0.098828125 0.105859375
0 0.30234375 0.86484375 0.058203125 0.0453125
0 0.0828125 0.5765625 0.065625 0.115625
2 0.9142463234375 1 0.9234375 0.96875 0.940625 0.8765625 0.9515625 0.846875 0.9515625 0.8015625 0.5375 0.584375 0.515625 0.5796875 0.4859375 0.553125 0.4671875 0.5515625 0.4296875 0.53125 0.40625 0.5421875 0.3890625 0.559375 0.3796875 0.5741071421874999 0.3796875 0.6213235296875 0.4203125 0.7109375 0.4109375 0.740625 0.38125 0.7578125 0.3796875 0.7576041671875 0.3796875 0.8609375 0.4546875 0.9015625 0.4265625 0.9625 0.423046875 1 0.9142463234375 1
0 0.4640625 0.703125 0.16875 0.259375
0 0.8359375 0.79296875 0.221875 0.1921875
0 0.7453125 0.9453125 0.271875 0.109375