2 0 0 0 0.4390625 0.0135416671875 0.4390625 0.04375 0.4234375 0.0796875 0.3671875 0.1234375 0.2609375 0.1515625 0.26875 0.2453125 0.315625 0.265625 0.31875 0.26875 0.3146875 0.26875 0.0177734375 0.246875 0.0109375 0.24780190625 0 0 0
0 0.06640625 0.2328125 0.1328125 0.334375
2 1 0 0.3582763671875 0 0.3375 0.0578125 0.3328125 0.109375 0.3453125 0.13125 0.4109375 0.171875 0.4140625 0.1875 0.3671875 0.28125 0.3625 0.3390625 0.39305555625 0.4390625 0.70398706875 0.4390625 0.8 0.3546875 0.8703125 0.275 1 0.169005409375 1 0
0 0.79140625 0.06796875 0.1921875 0.1359375
2 0 0.8682536765624999 0.0640625 0.8546875 0.1046875 0.8328125 0.115625 0.80625 0.1203125 0.6984375 0.103125 0.5890625 0.065625 0.5125 0.0484375 0.5 0.0265625 0.4984375 0 0.5047404656250001 0 0.8682536765624999
2 0.6227678578125 0.4390625 0.61875 0.4421875 0.5796875 0.4390625 0.5421875 0.4515625 0.5140625 0.496875 0.45625 0.5359375 0.3546875 0.590625 0.3203125 0.61875 0.3140625 0.63125 0.3171875 0.6875 0.33125 0.7234375 0.3359375 0.8265625 0.3515625 0.8625 0.3453125 0.8875 0.3578125 0.9359375 0.378125 0.9703125 0.4015625 0.975 0.4277529765625 1 0.6435032890625 1 0.8078125 0.915625 0.9671875 0.8484375 1 0.8291360296875 1 0.47581521718750003 0.990625 0.465625 0.9609375 0.446875 0.9421875 0.45 0.93671875 0.4390625 0.6227678578125 0.4390625
0 0.528125 0.496875 0.4890625 0.5171875 0.453125 0.565625 0.4671875 0.5671875 0.5125 0.5515625 0.5625 0.51875 0.5625 0.509375 0.553125 0.5015625 0.528125 0.496875
0 1 0.74639423125 0.9671875 0.7203125 0.9625 0.6953125 0.940625 0.7015625 0.915625 0.6796875 0.9046875 0.678125 0.8828125 0.6296875 0.85 0.6 0.8375 0.6 0.834375 0.621875 0.85625 0.7265625 0.85625 0.765625 0.828125 0.8828125 0.8359375 0.8921875 0.85 0.8921875 0.9875 0.8328125 1 0.8209703953125 1 0.74639423125
0 0.553125 0.778125 0.5375 0.7671875 0.51875 0.765625 0.475 0.784375 0.378125 0.884375 0.378125 0.89375 0.3890625 0.90625 0.4515625 0.9609375 0.50625 0.9921875 0.553125 0.98125 0.571875 0.965625 0.6 0.9578125 0.61875 0.9296875 0.6125 0.896875 0.565625 0.8203125 0.553125 0.778125
0 1 0.49868749999999995 0.971875 0.4953125 0.9484375 0.5015625 0.9453125 0.509375 0.94375 0.5453125 0.9578125 0.575 0.9859375 0.6046875 1 0.6083333328125 1 0.49868749999999995
0 0.3484375 0.80625 0.3484375 0.8375 0.359375 0.85625 0.365625 0.8859375 0.378125 0.884375 0.4171875 0.8609375 0.4578125 0.809375 0.4375 0.803125 0.4234375 0.809375 0.3953125 0.809375 0.3546875 0.8 0.3484375 0.80625
0 0.56828125 0.4390625 0.5359375 0.453125 0.515625 0.496875 0.5265625 0.5015625 0.5421875 0.496875 0.5625 0.5046875 0.621875 0.55625 0.625 0.540625 0.6109375 0.48125 0.6171875 0.4546875 0.603125 0.440625 0.5875 0.4390625 0.56828125 0.4390625