2 0 0.5 0.41875 0.5 0.41875 0.15963541718750002 0.4125 0.159375 0 0.1994791671875 0 0.5
2 0.8934659093749999 0.5 0.903125 0.46875 0.91875 0.3640625 0.9125 0.3015625 0.903125 0.29375 0.7671875 0.246875 0.5734375 0.1625 0.4484375 0.1140625 0.4234375 0.1109375 0.41875 0.1142463234375 0.41875 0.4105603453125 0.453125 0.4265625 0.428125 0.48125 0.42604166718750003 0.5 0.8934659093749999 0.5
0 0.17890625 0.68203125 0.0921875 0.2890625
0 0.26015625 0.83203125 0.1140625 0.3359375
0 0.1453125 0.6671875 0.1578125 0.6765625 0.165625 0.65625 0.153125 0.65 0.1453125 0.6671875
0 0.2015625 0.7125 0.2046875 0.63125 0.2 0.6296875 0.1921875 0.7421875 0.1984375 0.7359375 0.2015625 0.7125
0 0.2816761359375 1 0.3015625 0.953125 0.3015625 0.7921875 0.2953125 0.778125 0.2734375 0.7734375 0.259375 0.78125 0.2640625 0.834375 0.25625 0.86875 0.24375 0.8921875 0.2375 0.9421875 0.21784374999999997 1 0.2816761359375 1
2 0.41875 0.5 0.41875 0.9665562906249999 0.5875 0.9375 0.721875 0.9015625 0.834375 0.8828125 0.85 0.875 0.88125 0.875 0.8875 0.86875 0.8875 0.8546875 0.909375 0.8390625 0.9234375 0.8140625 0.959375 0.7078125 0.925 0.665625 0.9265625 0.6578125 0.94375 0.659375 0.9453125 0.6546875 0.915625 0.6546875 0.86875 0.6421875 0.8359375 0.615625 0.83125 0.6015625 0.8390625 0.58125 0.8640625 0.5546875 0.85625 0.5109375 0.75 0.503125 0.7503437500000001 0.5 0.46611328125 0.5 0.4640625 0.5046875 0.4453125 0.50625 0.43671875 0.5 0.41875 0.5
0 0.45078125 0.5609375 0.0640625 0.121875
0 0.4640625 0.8875 0.090625 0.1125
0 0.81640625 0.8375 0.1640625 0.0734375
0 0.86953125 0.61875 0.1453125 0.2375
0 0.71171875 0.64609375 0.1640625 0.15625