2 0.2609375 0.659375 0.2671875 0.6390625 0.3296875 0.134375 0.3140625 0.1078125 0.2796875 0.0859375 0.2359375 0.071875 0.1796875 0.0703125 0.1421875 0.0859375 0.1234375 0.1125 0.1078125 0.2671875 0.0375 0.259375 0.0203125 0.26875 0.009375 0.390625 0.009375 0.459375 0.01875 0.46875 0.0671875 0.4734375 0.0890625 0.4828125 0.078125 0.584375 0.0828125 0.6359375 0.0984375 0.64375 0.1109375 0.659375 0.2609375 0.659375
0 0.18515625 0.17109375 0.1046875 0.1796875
0 0.29921875 0.22421875 0.0671875 0.28125
0 0.2 0.5484375 0.1125 0.221875
0 0.09375 0.52265625 0.0625 0.246875
2 0.46875 0.659375 0.572388496875 0.659375 0.6625 0.428125 0.690625 0.3390625 0.6890625 0.3203125 0.6421875 0.2796875 0.60625 0.2625 0.5953125 0.2484375 0.5765625 0.240625 0.55 0.2171875 0.515625 0.209375 0.5046875 0.2171875 0.496875 0.246875 0.46875 0.296375 0.46875 0.659375
0 0.59296875 0.36171875 0.1296875 0.2046875
0 0.509375 0.50859375 0.08125 0.2890625
1 0.12265625 0.70390625 0.2390625 0.0890625
2 1 1 1 0.764202425 0.95625 0.7609375 0.8625 0.78125 0.8390625 0.7984375 0.834375 0.8171875 0.8358796296875 1 1 1
0 0.91015625 0.878125 0.1796875 0.24375
0 0.95546875 0.915625 0.0890625 0.16875
0 0.9640625 0.8125 0.071875 0.096875