2 0.357091346875 0.4890625 0.4703125 0.3484375 0.5015625 0.296875 0.5078125 0.2234375 0.4984375 0.18125 0.4765625 0.1296875 0.415625 0.0875 0.3765625 0.084375 0.3640625 0.0875 0.2546875 0.184375 0.23125 0.1984375 0.2 0.2 0.1296875 0.184375 0.0890625 0.1828125 0.0734375 0.1953125 0.0484375 0.240625 0.034375 0.3078125 0.0359375 0.396875 0.0140625 0.41875 0.0140625 0.4859375 0.0151041671875 0.4890625 0.357091346875 0.4890625
0 0.12265625 0.4328125 0.1953125 0.1125
0 0.29609375 0.46328125 0.1140625 0.0515625
0 0.4296875 0.2 0.171875 0.38046875
0 0.21875 0.35 0.25 0.1
1 0.746009859375 0 0.7382352937500001 0.002982025 0.7098039218750001 0.0160539203125 0.6953431375 0.020629084375000002 0.6897058828125 0.024877450000000002 0.6877450984375 0.027818626562499997 0.685539215625 0.04448529375 0.686274509375 0.0640931359375 0.68823529375 0.0791258171875 0.6968137249999999 0.12258986875 0.7024509796875 0.14513888749999998 0.7063725484375001 0.1680147046875 0.715196078125 0.204942809375 0.734803921875 0.266053921875 0.7372549015625001 0.26866829999999997 0.7376378703124999 0.26875 0.7488970593750001 0.26875 0.7549019609375 0.26474673125 0.7857843140625 0.2555964046875 0.7970588234375 0.2484068625 0.820588234375 0.2382761421875 0.8316176468750001 0.2304330078125 0.8536764703124999 0.22291666562499998 0.8696078421875001 0.2121323515625 0.8879901953125 0.20592320156250002 0.8982843140625001 0.1967728765625 0.912009803125 0.18794934531250002 0.91789215625 0.180759803125 0.9281862750000001 0.171282678125 0.9348039218749999 0.161478759375 0.9409313718749999 0.154942809375 0.959803921875 0.12258986875 0.9669117640625 0.10232843124999999 0.9720588234375 0.0833741828125 0.9772058828125001 0.0536356203125 0.978125 0.044035946874999995 0.978125 0 0.746009859375 0
0 0.76328125 0.13828125 0.101953125 0.063671875
0 0.9375 0.03203125 0.075 0.0640625
0 0.74765625 0.01640625 0.0984375 0.0328125
1 0 0.4890625 0 0.9170905171874999 0.0046875 0.9171875 0.10625 0.909375 0.121875 0.89375 0.13125 0.7375 0.1421875 0.7 0.1671875 0.6890625 0.384375 0.665625 0.4046875 0.653125 0.4140625 0.625 0.4125 0.5609375 0.40026595781249996 0.4890625 0 0.4890625
2 0.6 0.4890625 0.6 0.7416015625 0.640625 0.7390625 0.6625 0.728125 0.6859375 0.70625 0.7015625 0.675 0.71875 0.596875 0.790625 0.625 0.8078125 0.6203125 0.8396692968749999 0.4890625 0.6 0.4890625