0 0.56875 0.253125 0.1875 0.171875
2 1 0 0.6796875 0 0.6796875 0.078125 0.703125 0.134375 0.725 0.175 0.7734375 0.240625 0.8109375 0.275 0.840625 0.2890625 0.8625 0.2890625 0.8796875 0.2796875 1 0.14199652812500002 1 0
0 0.86875 0.128125 0.203125 0.25625
0 0.7984375 0.04296875 0.2125 0.0859375
0 0.421875 0.3765625 0.053125 0.075
0 0.2390625 0.7953125 0.1390625 0.08984375
1 0.39453125 0.55546875 0.2734375 0.4328125
1 0.15859375 0.83671875 0.3171875 0.3265625
0 0.04296875 0.71171875 0.0859375 0.0453125
2 0.83984375 0.66953125 0.3203125 0.6609375
0 0.79375 0.43515625 0.19375 0.125