2 0 0.5271139703125 0.003125 0.5328125 0.05 0.5890625 0.075 0.6046875 0.121875 0.6140625 0.15 0.6046875 0.1671875 0.590625 0.4125 0.2859375 0.44375 0.234375 0.45 0.1609375 0.440625 0.11875 0.41875 0.0671875 0.3578125 0.025 0.31875 0.021875 0.30625 0.025 0.196875 0.121875 0.1734375 0.1359375 0.1421875 0.1375 0.071875 0.121875 0.03125 0.1203125 0.015625 0.1328125 0 0.1611328125 0 0.5271139703125
0 0.08125 0.38046875 0.1625 0.1328125
0 0.23828125 0.475 0.1140625 0.2
0 0.371875 0.16328125 0.171875 0.3265625
0 0.1609375 0.2875 0.25 0.1
2 1 0.6890625 1 0.2703125 0.9328125 0.178125 0.9 0.14375 0.8765625 0.1421875 0.8296875 0.165625 0.78125 0.2109375 0.75625 0.2453125 0.7296875 0.2984375 0.7296875 0.3625 0.8265625 0.509375 0.825 0.525 0.753125 0.5953125 0.7421875 0.6125 0.7421875 0.628125 0.7721875 0.6890625 1 0.6890625
2 0.07890625 0.84453125 0.1578125 0.3109375
0 0.05 0.83046875 0.08984375 0.115625
0 0.0265625 0.73984375 0.053125 0.0796875
0 0.03125 0.7234375 0.05 0.05546875
0 0.03359375 0.7671875 0.0671875 0.10625
2 0.9484375 1 0.9484375 0.9953125 0.91875 0.98125 0.9359375 0.890625 0.9328125 0.834375 0.9171875 0.8203125 0.896875 0.81875 0.86875 0.871875 0.8375 0.8734375 0.8265625 0.859375 0.803125 0.778125 0.790625 0.76875 0.7296875 0.784375 0.7140625 0.8109375 0.6919499265625 1 0.9484375 1
0 0.821875 0.84296875 0.190625 0.140625