2 0 0 0 0.5796875 0.11875844531249999 0.5796875 0.1578125 0.3671875 0.196875 0.1015625 0.209375 0.059375 0.216122159375 0 0 0
0 0.10078125 0.14140625 0.2015625 0.2828125
0 0.05390625 0.3609375 0.1078125 0.303125
0 0.1046875 0.553125 0.059375 0.053125
1 0.5187539671875 0 0.5115962015625 0.0045292078125 0.49223345625 0.01171875 0.4721354171875 0.023810253125 0.45032169062499994 0.0309997953125 0.44615502500000004 0.0352481609375 0.444194240625 0.0417841078125 0.44296875 0.05485600625 0.44566482812499997 0.0764246328125 0.44811580937500006 0.0908037171875 0.45473345624999995 0.11694750937500001 0.4601256125 0.1519148296875 0.47556678906250005 0.208777571875 0.48537071093749995 0.2349213640625 0.48782169062499997 0.2555095984375 0.49468443593749994 0.266947509375 0.4972191890625 0.26875 0.501067196875 0.26875 0.527772671875 0.26073835624999997 0.54223345625 0.251914828125 0.5655177703125001 0.24309129999999998 0.5760569859375 0.2349213640625 0.5981158093750001 0.2247906453125 0.61086090625 0.21629391406249998 0.63046875 0.208123978125 0.6388020828125001 0.20158803125000002 0.6593903187500001 0.1898233234375 0.6664981624999999 0.18230698437499998 0.6787530640625 0.172829859375 0.6848805140625001 0.1646599265625 0.6914981625 0.1584507765625 0.7064491421875 0.13720894687500002 0.7233609062499999 0.10158803125 0.7275275734375001 0.089496528125 0.7321844359374999 0.06858149375 0.7368412984375 0.03655535 0.7375 0.026406468750000002 0.7375 0 0.5187539671875 0
0 0.525 0.18359375 0.116015625 0.086328125
0 0.496875 0.04140625 0.084765625 0.063671875
0 0.7078125 0.04296875 0.0375 0.0859375
0 0.50703125 0.09765625 0.109375 0.04453125
0 0.221875 0.78671875 0.05 0.101171875
2 0.4296875 0.8073793453124999 0.41302083281249996 0.7919321890625 0.40174632343749994 0.78506944375 0.3946384796875 0.7827818625 0.3912071078125 0.7827818625 0.3843443625 0.7860498359375001 0.373805146875 0.7929125812500001 0.3666973046875 0.80238970625 0.35395220625 0.8115400328125 0.3485600484375 0.8193831703125 0.34243259843749996 0.824611928125 0.336305146875 0.8344158499999998 0.326256128125 0.8347426468750001 0.320618871875 0.824611928125 0.314491421875 0.81644199375 0.31056985312499996 0.808272059375 0.30542279375 0.8020629078124999 0.3005208328125 0.792585784375 0.294883578125 0.7857230390625001 0.28507965625 0.7703635625 0.28042279375 0.7608864375 0.26694240156250004 0.7412785953125 0.260569853125 0.728533496875 0.25444240156250003 0.722977940625 0.24929534375 0.7216707515625 0.24022671562500003 0.7255923203125001 0.2314031859375 0.733108659375 0.215962009375 0.7422589875 0.21007965624999997 0.748794934375 0.1983149515625 0.7559844765625 0.193412990625 0.764481209375 0.1794424015625 0.769056371875 0.17674632343750002 0.7729779406249999 0.17576593125 0.77886029375 0.1657169125 0.7840890515625001 0.1630208328125 0.7889910125 0.1610600484375 0.7987949343749999 0.155912990625 0.80696486875 0.151991421875 0.8105596406250001 0.1458639703125 0.8272263078125001 0.14145220625 0.8347426468750001 0.139001225 0.8432393796875001 0.1360600484375 0.8612132359375 0.136305146875 0.869056371875 0.138756128125 0.8726511437500001 0.145618871875 0.874938725 0.1478247546875 0.8778799015625001 0.1510110296875 0.8853962421875 0.158118871875 0.8935661765624999 0.162040440625 0.9023897062499999 0.1681678921875 0.9099060453125001 0.172334559375 0.9190563718749999 0.1796875 0.9275531046874999 0.183118871875 0.9347426468750001 0.188756128125 0.9419321890625 0.19292279375000002 0.9504289218749999 0.20027573593749998 0.9605596406250001 0.2115502453125 0.9827818624999999 0.21914828437499997 0.994219771875 0.22234262187499998 1 0.4296875 1 0.4296875 0.9878958000000001 0.42429534375 0.9824550656250001 0.4208639703125 0.9697099671875 0.4213541671875 0.9654616015624999 0.4233149515625 0.9618668296875 0.4296875 0.9559191171875 0.4296875 0.8073793453124999
2 1 0.5796875 0.7216774421875 0.5796875 0.6359375 0.7 0.59375 0.775 0.5859375 0.8671875 0.6078125 0.9390625 0.64375 0.996875 0.646875 1 0.85078125 1 0.86875 0.971875 0.9125 0.865625 0.940625 0.8734375 1 0.903125 1 0.5796875
0 0.71796875 0.671875 0.1578125 0.17421875
0 0.846875 0.83515625 0.15 0.3296875
0 0.634375 0.84921875 0.115625 0.11875