2 0.4796875 0 0.1891163796875 0 0.16875 0.0328125 0.1109375 0.071875 0.009375 0.1265625 0 0.13423295468750002 0 0.38406250000000003 0.00625 0.3984375 0 0.4234375 0.0125 0.471875 0.0328125 0.50625 0.05625 0.5109375 0.0857142859375 0.5390625 0.2921052625 0.5390625 0.4625 0.4515625 0.4796875 0.44431678906250005 0.4796875 0
0 0.1828125 0.0328125 0.14375 0.053125 0.1078125 0.1015625 0.121875 0.103125 0.1671875 0.0875 0.2171875 0.0546875 0.2171875 0.0453125 0.2078125 0.0375 0.1828125 0.0328125
0 0.2078125 0.3140625 0.1921875 0.303125 0.1734375 0.3015625 0.1296875 0.3203125 0.0328125 0.4203125 0.0328125 0.4296875 0.04375 0.4421875 0.10625 0.496875 0.1609375 0.528125 0.2078125 0.5171875 0.2265625 0.5015625 0.2546875 0.49375 0.2734375 0.465625 0.2671875 0.4328125 0.2203125 0.35625 0.2078125 0.3140625
0 0.003125 0.3421875 0.003125 0.3734375 0.0140625 0.3921875 0.0203125 0.421875 0.0328125 0.4203125 0.071875 0.396875 0.1125 0.3453125 0.0921875 0.3390625 0.078125 0.3453125 0.05 0.3453125 0.009375 0.3359375 0.003125 0.3421875
0 0.185546875 0 0.1703125 0.0328125 0.18125 0.0375 0.196875 0.0328125 0.2171875 0.040625 0.2765625 0.0921875 0.2796875 0.0765625 0.265625 0.0171875 0.2696691171875 0 0.185546875 0
2 0.4796875 0.5390625 0.8122466218750001 0.5390625 0.8171875 0.5296875 0.8359375 0.465625 0.8234375 0.4484375 0.840625 0.440625 0.85 0.41875 0.8515625 0.3796875 0.8453125 0.3625 0.4796875 0.08828125 0.4796875 0.5390625
0 0.62265625 0.515625 0.2140625 0.046875
0 0.7375 0.33984375 0.203125 0.2671875
2 0.24375 0.76953125 0.471875 0.4609375
0 0.44140625 0.85859375 0.0765625 0.2828125
2 1 0.5390625 0.6165711015625 0.5390625 0.625 0.6703125 0.65 0.7984375 0.6609375 0.828125 0.6734375 0.8375 0.7234375 0.834375 0.8484375 0.7984375 1 0.7634615390625 1 0.5390625
0 0.721875 0.6296875 0.16953125 0.084375