2 0.609375 0.659375 0.609375 0.08684475781249999 0.5515625 0.08125 0.5046875 0.0921875 0.484375 0.10625 0.4796875 0.1171875 0.453125 0.4296875 0.4417951234375 0.659375 0.609375 0.659375
0 0.51796875 0.1234375 0.0484375 0.1
0 0.60234375 0.1359375 0.0140625 0.153125
0 0.49453125 0.47734375 0.1296875 0.3640625
2 0.609375 0 0.609375 0.6177295921875 0.66875 0.625 0.684375 0.621875 0.6953125 0.6109375 0.7515625 0.5390625 0.7703125 0.54375 0.778125 0.56875 0.8109375 0.559375 0.81875 0.54375 0.840625 0.43125 0.8515625 0.4109375 0.8953125 0.409375 0.9875 0.421875 1 0.42062499999999997 1 0.20714760625 0.903125 0.19375 0.8953125 0.1875 0.9015625 0.1421875 0.940625 0.053125 0.9484375 0.0140625 0.9446022734374999 0 0.609375 0
0 0.76171875 0.43515625 0.1421875 0.365625
0 0.70546875 0.09453125 0.1359375 0.1890625
0 0.62421875 0.50625 0.0296875 0.1875
0 0.9171875 0.08359375 0.071875 0.1671875
2 0.1160021546875 0.659375 0.1140625 0.6875 0.1421875 0.7796875 0.1546875 0.85625 0.1993256578125 1 0.4789423078125 1 0.459375 0.9421875 0.525 0.90625 0.5375 0.8578125 0.534375 0.7984375 0.51875 0.73125 0.5 0.696875 0.4625 0.6921875 0.365625 0.7109375 0.34579326875 0.659375 0.1160021546875 0.659375
0 0.30703125 0.92421875 0.1796875 0.1515625
2 1 1 1 0.659375 0.724540440625 0.659375 0.7078125 0.6796875 0.6890625 0.7296875 0.6828125 0.7953125 0.7078125 0.9171875 0.740625 0.9765625 0.7652960531249999 1 1 1