2 0.45 0.6 0.45 0.1925931484375 0.1796875 0.1328125 0.14375 0.13125 0.1125 0.146875 0.0765625 0.1796875 0.0359375 0.2625 0.025 0.3375 0.0265625 0.3859375 0.046875 0.490625 0.0546875 0.5046875 0.0890625 0.5296875 0.15625 0.5640625 0.178125 0.5828125 0.2578125 0.6 0.45 0.6
0 0.1046875 0.34765625 0.15 0.18125
2 0.5296875 0 0.5046875 0.05 0.5046875 0.0875 0.846875 0.490625 0.865625 0.4953125 0.9328125 0.403125 1 0.2911458328125 1 0.2551923078125 0.9046875 0.14375 0.9078125 0.13125 0.9671875 0.046875 0.9671875 0.0109375 0.9599734046874999 0 0.5296875 0
2 0.45 0.628125 0.3328125 0.6515625 0.315625 0.6484375 0.2671875 0.6171875 0.234375 0.6140625 0.1890625 0.640625 0.1625 0.684375 0.075 0.7046875 0.0609375 0.715625 0.0484375 0.75625 0.0375 0.7703125 0.0421875 0.88125 0.0734375 1 0.33702445625 1 0.3625 0.9921875 0.45 0.9630208328125001 0.45 0.628125
0 0.29296875 0.95703125 0.3140625 0.0859375
0 0.1 0.76171875 0.128125 0.14375
2 0.535328946875 0.6 0.540625 0.6109375 0.6203125 0.8046875 0.7116456828125 1 1 1 1 0.94921875 0.99375 0.9109375 0.903125 0.628125 0.8931677015624999 0.6 0.535328946875 0.6
2 0.534474734375 0.6 0.5390625 0.609375 0.61875 0.803125 0.7109042546875 1 1 1 1 0.93671875 0.99375 0.909375 0.903125 0.628125 0.8931677015624999 0.6 0.534474734375 0.6
0 0.68515625 0.69765625 0.2296875 0.1953125
0 0.878125 0.975 0.046875 0.05
0 0.9546875 0.8703125 0.090625 0.259375