0 0.36875 0.06953125 0.02578125 0.05
0 0.38828125 0.4453125 0.0328125 0.109375
0 0.74609375 0.4421875 0.04140625 0.090625
0 0.69609375 0.4828125 0.034375 0.03828125
0 0.5953125 0.690625 0.075 0.109375
0 0.7484375 0.7625 0.05546875 0.07421875
0 0.81171875 0.8546875 0.046875 0.11015625
0 0.7640625 0.925 0.0796875 0.1328125
0 0.36484375 0.90625 0.0328125 0.1140625
0 0.5046875 0.76875 0.09140625 0.0546875
0 0.34375 0.73984375 0.05 0.0609375
1 0.31875 0.4107467109374999 0.321875 0.41206250000000005 0.325375 0.41606249999999995 0.328125 0.42739583281249993 0.328375 0.4367291671875 0.325125 0.46839583281249997 0.322625 0.47839583281250003 0.322625 0.4827291671875 0.32637499999999997 0.49106249999999996 0.33137500000000003 0.4970625 0.342125 0.5023958328125 0.350875 0.5050625 0.362375 0.5117291671875 0.395125 0.5183958328125 0.410375 0.5240625 0.426875 0.5260625 0.43562500000000004 0.5217291671875 0.44337499999999996 0.5110625000000001 0.44762500000000005 0.49406249999999996 0.449625 0.47806250000000006 0.452125 0.4690625 0.45462499999999995 0.4527291671875 0.464375 0.3643958328125 0.465125 0.3547291671875 0.464375 0.34172916718749996 0.462125 0.3293958328125 0.457625 0.3143958328125 0.45162500000000005 0.30339583281250004 0.442125 0.29139583281250003 0.432875 0.2837291671875 0.41762499999999997 0.2737291671875 0.393625 0.2637291671875 0.362875 0.2557291671875 0.34562499999999996 0.2487291671875 0.31875 0.2428039703125 0.31875 0.4107467109374999
1 0.62885179375 0.1890625 0.614375 0.2377291671875 0.606625 0.2693958328125 0.5998749999999999 0.28939583281250003 0.598625 0.3047291671875 0.602625 0.31106249999999996 0.616375 0.32206250000000003 0.6296250000000001 0.3280625 0.6376250000000001 0.3357291671875 0.649625 0.3413958328125 0.657875 0.3487291671875 0.666625 0.3513958328125 0.670625 0.3553958328125 0.671125 0.3697291671875 0.6686249999999999 0.3863958328125 0.656625 0.4317291671875 0.647375 0.45506250000000004 0.649625 0.4690625 0.653875 0.4753958328125 0.661125 0.48172916718750003 0.665375 0.4880625 0.6748749999999999 0.49506250000000007 0.681125 0.49806249999999996 0.690625 0.4987291671875 0.6956249999999999 0.5037291671874999 0.711875 0.5133958328125 0.7308749999999999 0.5173958328125 0.739375 0.5230625 0.746375 0.5250625 0.768875 0.5253958328125 0.778375 0.5223958328125 0.782625 0.5183958328125 0.784875 0.5120625000000001 0.796125 0.46839583281249997 0.814875 0.4097291671875 0.8256249999999999 0.3673958328125 0.8278749999999999 0.3453958328125 0.828125 0.3180625 0.826125 0.2970625 0.821125 0.2750625 0.813375 0.25172916718750005 0.8016249999999999 0.22839583281250003 0.788625 0.2107291671875 0.776375 0.1980625 0.765257353125 0.1890625 0.62885179375 0.1890625
2 0.31875 0.9254374999999999 0.319625 0.9303958328124999 0.32287499999999997 0.9363958328125002 0.337125 0.9477291671875001 0.344625 0.9503958328125 0.35012499999999996 0.9547291671875 0.364125 0.9613958328125001 0.382625 0.9660624999999999 0.406375 0.9660624999999999 0.417875 0.9610624999999999 0.42612500000000003 0.9510625000000001 0.434875 0.9280625 0.438875 0.9060625 0.442125 0.8960625 0.44387499999999996 0.8827291671874999 0.445375 0.8793958328125001 0.44787499999999997 0.8777291671875 0.45862499999999995 0.8800625 0.507625 0.8987291671875 0.509875 0.8983958328125 0.512625 0.8957291671875 0.521625 0.8693958328125 0.5373749999999999 0.8047291671875 0.539875 0.7923958328125 0.538125 0.7813958328124999 0.544125 0.7657291671875 0.544125 0.7597291671875 0.542375 0.7567291671875 0.533375 0.7507291671874999 0.502375 0.7380625000000001 0.49762500000000004 0.7340625000000001 0.49362500000000004 0.7327291671875 0.48987499999999995 0.7277291671875 0.47887500000000005 0.7260625 0.452625 0.7170625 0.358375 0.6790625 0.338125 0.6720625 0.322625 0.6647291671875 0.31875 0.663308334375 0.31875 0.822586309375 0.326125 0.8253958328125 0.333125 0.8307291671874999 0.334625 0.8353958328125 0.334625 0.8407291671875001 0.333125 0.8507291671874999 0.325125 0.8753958328125 0.319125 0.9060625 0.31875 0.9200624999999999 0.31875 0.9254374999999999
2 0.5891249999999999 0.7877291671875 0.600625 0.8023958328125002 0.605375 0.8067291671875001 0.6126250000000001 0.8177291671875 0.617625 0.8223958328125001 0.638625 0.8500624999999999 0.655875 0.8687291671875 0.661875 0.8773958328125001 0.6681250000000001 0.8830625000000001 0.6748749999999999 0.8930624999999999 0.708625 0.9330625000000001 0.712875 0.9397291671874999 0.719125 0.9453958328125001 0.726125 0.9550625 0.731125 0.9590624999999999 0.739125 0.9700624999999998 0.7498750000000001 0.9807291671874999 0.756125 0.9840625 0.768625 0.9840625 0.782875 0.9770625 0.811125 0.9513958328125 0.826875 0.9267291671875 0.833375 0.9103958328124999 0.8316250000000001 0.8947291671875 0.818125 0.8620625000000001 0.8186250000000002 0.8587291671875 0.829875 0.8493958328125 0.8306250000000001 0.8450624999999998 0.829375 0.8360624999999999 0.8223749999999999 0.8240624999999999 0.8143750000000001 0.8150625 0.8003750000000001 0.7943958328125 0.7733749999999999 0.7597291671875 0.7733749999999999 0.7480625 0.774375 0.7447291671875 0.782875 0.7343958328125 0.7893749999999999 0.7220625 0.796875 0.7120625 0.805875 0.6957291671875 0.809375 0.6843958328124999 0.8091249999999999 0.6733958328125 0.8078749999999999 0.6687291671875 0.794625 0.6460625 0.788625 0.6400625 0.781875 0.6297291671874999 0.775875 0.6250625000000001 0.7691250000000001 0.6167291671874999 0.761625 0.6117291671875 0.756125 0.6050625000000001 0.738375 0.5953958328125 0.730375 0.5940624999999999 0.727125 0.5953958328125 0.716125 0.6050625000000001 0.7073750000000001 0.6197291671875 0.698625 0.6287291671874999 0.693375 0.6383958328125 0.688625 0.6407291671875 0.679875 0.6410625 0.662625 0.6220625 0.645125 0.5890625 0.630375 0.5673958328125 0.626125 0.5643958328125 0.617875 0.5623958328125 0.6123749999999999 0.5647291671875 0.6056250000000001 0.5740624999999999 0.5998749999999999 0.5797291671875 0.5363749999999999 0.6697291671875 0.525375 0.6887291671875 0.522625 0.6953958328125001 0.522875 0.7003958328125 0.525375 0.7087291671875 0.548625 0.7373958328125 0.554625 0.7430625 0.561375 0.7527291671875 0.567375 0.7580625000000001 0.5891249999999999 0.7877291671875
0 0.6397613640625 0.1890625 0.639875 0.1923958328125 0.642875 0.1970625 0.656375 0.1967291671875 0.667875 0.2003958328125 0.6836249999999999 0.1980625 0.693375 0.1980625 0.705875 0.1993958328125 0.731125 0.2063958328125 0.756625 0.20806249999999998 0.766625 0.21039583281250002 0.774625 0.21006249999999999 0.779125 0.20839583281250001 0.779875 0.2043958328125 0.776625 0.2010625 0.771125 0.1980625 0.766375 0.1907291671875 0.761166665625 0.1890625 0.6397613640625 0.1890625
0 0.374375 0.5077291671874999 0.388625 0.5110625000000001 0.397125 0.5083958328125 0.400875 0.5057291671874999 0.401625 0.5037291671874999 0.40287500000000004 0.4923958328125 0.402125 0.4680625 0.406375 0.4453958328125 0.406875 0.40772916718749996 0.406375 0.4043958328125 0.40412499999999996 0.4010625 0.39987500000000004 0.3983958328125 0.391625 0.40239583281249997 0.37112500000000004 0.4183958328125 0.367875 0.43072916718749993 0.366875 0.4447291671875 0.369375 0.46706249999999994 0.36887499999999995 0.47339583281250003 0.366875 0.4827291671875 0.362625 0.48939583281250004 0.359375 0.49206249999999996 0.359375 0.49406249999999996 0.360125 0.4960625 0.366875 0.5027291671875 0.374375 0.5077291671874999
0 0.31875 0.76726805625 0.329125 0.7677291671875001 0.349125 0.7640625 0.362625 0.7640625 0.370625 0.7597291671875 0.36887499999999995 0.7490625 0.36712500000000003 0.7457291671874999 0.351375 0.7380625000000001 0.338375 0.7297291671874999 0.325875 0.7267291671875 0.31875 0.7260694453125 0.31875 0.76726805625
0 0.362375 0.9587291671875 0.36712500000000003 0.9287291671875 0.38087499999999996 0.8693958328125 0.38137499999999996 0.8587291671875 0.380375 0.8543958328125001 0.377375 0.8483958328125001 0.373625 0.8470625 0.366625 0.8597291671875 0.362875 0.8730625 0.357875 0.8843958328125 0.34562499999999996 0.9363958328125002 0.342875 0.9440625 0.344375 0.9523958328125002 0.346375 0.9570624999999999 0.348125 0.9590624999999999 0.351375 0.9583958328125 0.35562499999999997 0.9603958328125 0.357375 0.9637291671875001 0.359875 0.9630625 0.362375 0.9587291671875
0 0.521125 0.7660625 0.510375 0.7623958328125 0.497375 0.7600625 0.47862499999999997 0.7543958328125 0.465125 0.7540625000000001 0.456125 0.7560625 0.45187499999999997 0.7597291671875 0.464875 0.7667291671875 0.471375 0.7730625 0.49887499999999996 0.7897291671875 0.514375 0.7917291671875 0.538125 0.7920625 0.539125 0.7893958328124999 0.539875 0.7817291671875 0.538125 0.7713958328125 0.533125 0.7730625 0.5273749999999999 0.7730625 0.521125 0.7660625
0 0.625875 0.7270625 0.627125 0.7227291671875 0.623375 0.7167291671875 0.620625 0.7063958328125 0.611625 0.6953958328125001 0.6058749999999999 0.6820625 0.600875 0.6760625 0.593875 0.6577291671875 0.591125 0.6543958328125 0.583875 0.6493958328125 0.578125 0.6390625 0.5751250000000001 0.6377291671875 0.5686249999999999 0.6423958328125 0.5686249999999999 0.6460625 0.571375 0.6497291671875 0.5738749999999999 0.6590625 0.5796250000000001 0.6667291671875 0.5818749999999999 0.6723958328124999 0.587125 0.6807291671875 0.595875 0.6900625 0.600625 0.7033958328125001 0.609875 0.7157291671875 0.6131249999999999 0.7227291671875 0.617625 0.7257291671874999 0.625875 0.7270625
0 0.750875 0.4737291671875 0.752625 0.4680625 0.7538750000000001 0.4543958328125 0.762875 0.43206249999999996 0.764875 0.4113958328124999 0.766375 0.4050625 0.766875 0.3950625 0.7658750000000001 0.3940625 0.763875 0.3977291671875 0.755625 0.3987291671875 0.750625 0.4050625 0.745625 0.4180625 0.742625 0.4317291671875 0.733375 0.4560625 0.729375 0.46206250000000004 0.722375 0.46839583281249997 0.724875 0.47139583281249997 0.7301249999999999 0.47506249999999994 0.740625 0.47906250000000006 0.7461249999999999 0.47839583281250003 0.750875 0.4737291671875
0 0.686625 0.49206249999999996 0.689625 0.49672916718749993 0.693875 0.49739583281250005 0.7061249999999999 0.4843958328125 0.709625 0.46839583281249997 0.702875 0.4657291671875 0.6936249999999999 0.4687291671875 0.687125 0.47872916718749997 0.686125 0.48139583281250004 0.686625 0.49206249999999996
0 0.782375 0.9420625000000001 0.780125 0.9410624999999999 0.775125 0.9330625000000001 0.7681250000000001 0.9253958328125 0.763875 0.9150625 0.755875 0.9023958328125001 0.747625 0.8863958328125001 0.739375 0.8747291671875 0.735375 0.8650625 0.728625 0.8563958328125001 0.7266250000000001 0.8583958328125 0.7268749999999999 0.8610624999999998 0.751125 0.9133958328125 0.760125 0.9287291671875 0.770875 0.9517291671875 0.779625 0.9647291671874999 0.782125 0.9707291671875 0.786625 0.9713958328124999 0.788625 0.9703958328125001 0.791875 0.9657291671875001 0.792375 0.9630625 0.786625 0.9493958328125001 0.782375 0.9420625000000001
0 0.8061250000000001 0.8063958328125 0.8026250000000001 0.8057291671875 0.798875 0.8073958328125 0.797375 0.8097291671875 0.803875 0.8467291671874999 0.805875 0.8527291671875 0.819125 0.8743958328125 0.8216249999999998 0.8703958328125001 0.823625 0.8593958328125 0.827375 0.8500624999999999 0.8278749999999999 0.8460625 0.826875 0.8407291671875001 0.8196249999999999 0.8230625 0.812875 0.8170625000000001 0.8061250000000001 0.8063958328125