2 0.659375 0.451171875 0.6453125 0.440625 0.6328125 0.4 0.6046875 0.35625 0.5609375 0.3265625 0.5359375 0.3234375 0.4765625 0.3515625 0.2921875 0.4765625 0.2671875 0.4859375 0.225 0.51875 0.2046875 0.521875 0.184375 0.5453125 0.1546875 0.5546875 0.1328125 0.6140625 0.13289194843750002 0.61875 0.6588423296875 0.61875 0.659375 0.5953125 0.6546875 0.578125 0.659375 0.57109375 0.659375 0.451171875
0 0.28984375 0.584375 0.2328125 0.06875
0 0.62734375 0.4875 0.0640625 0.171875
0 0.54765625 0.3328125 0.0359375 0.04921875
0 0.84375 0.1640625 0.240625 0.328125
0 0.7625 0.44609375 0.11875 0.1359375
0 0.77734375 0.5890625 0.1703125 0.059375
0 0.7869791671875 0 0.7828125 0.021875 0.7875 0.071875 0.78125 0.096875 0.7859375 0.1203125 0.796875 0.15625 0.8015625 0.1609375 0.81875 0.1578125 0.8265625 0.165625 0.8328125 0.1625 0.8296875 0.1140625 0.8140625 0.0703125 0.8046875 0.0109375 0.796875 0 0.7869791671875 0
0 0.927875 0 0.921875 0.025 0.9 0.0234375 0.840625 0.003125 0.83125 0.025 0.8390625 0.1171875 0.8578125 0.1515625 0.8765625 0.1625 0.8890625 0.1796875 0.8921875 0.21875 0.9109375 0.2734375 0.9125 0.3375 0.90625 0.3640625 0.925 0.3640625 0.9265625 0.2875 0.940625 0.209375 0.9484375 0.06875 0.94375 0.059375 0.93125 0.0765625 0.9265625 0.0703125 0.9453125 0.04375 0.9390625 0.0203125 0.95 0.0046875 0.950446428125 0 0.927875 0
0 0.89375 0.365625 0.903125 0.365625 0.9109375 0.359375 0.921875 0.3296875 0.9234375 0.2921875 0.9171875 0.2875 0.8921875 0.2953125 0.8671875 0.278125 0.8609375 0.309375 0.871875 0.340625 0.89375 0.365625
1 0.288316596875 0.61875 0.22054398125 0.6261284703125 0.149247684375 0.6393229171875 0.1094328703125 0.652517359375 0.07980324062500001 0.6671006953124999 0.0446180546875 0.6927951390625 0.0251736109375 0.71223958125 0 0.75674293125 0 0.875781253125 0.0122106484375 0.9490451390625001 0.0260995359375 0.99765625 0.027662035937500003 1 0.06874724374999999 1 0.07054398125 0.9858506953124999 0.074247684375 0.983767359375 0.07980324062500001 0.98515625 0.0822771984375 1 0.2420254625 1 0.267766203125 0.9879340265625001 0.29554398125 0.9671006953125 0.3038773140625 0.9504340265625 0.299247684375 0.9046006953125 0.2872106484375 0.86015625 0.279803240625 0.8469618062500001 0.28350694375 0.83515625 0.29554398125 0.8296006953124999 0.3446180546875 0.8240451390625001 0.3770254625 0.8171006953125 0.42887731406249996 0.812934028125 0.43813657343749995 0.8087673593750001 0.4390625 0.799739575 0.4390625 0.7830729234375 0.43258101875 0.7296006953124999 0.42424768437499993 0.7198784703125 0.4020254625 0.715017359375 0.3946180546875 0.708767359375 0.42054398125 0.69696180625 0.423321759375 0.6796006953125 0.40691258281250003 0.61875 0.288316596875 0.61875
0 0.36875 0.70859375 0.099609375 0.060546875
0 0.0578125 0.93359375 0.0875 0.1328125
0 0.890625 0.76796875 0.21875 0.2984375