2 0 0.659375 0.4296875 0.659375 0.4296875 0.0412109375 0.4 0.0375 0.3125 0.05625 0.2890625 0.06875 0.265625 0.09375 0.24375 0.1390625 0.2375 0.2734375 0.2296875 0.2828125 0.13125 0.2984375 0.084375 0.296875 0.0265625 0.284375 0.003125 0.3 0 0.30656249999999996 0 0.659375
0 0.07265625 0.4890625 0.1453125 0.1
2 0.7730574328125 0.659375 0.8109375 0.5875 0.8296875 0.5234375 0.8171875 0.50625 0.834375 0.4984375 0.84375 0.4765625 0.8453125 0.4375 0.8390625 0.4203125 0.4296875 0.11328125 0.4296875 0.659375 0.446875 0.659375 0.5 0.6015625 0.5140625 0.6 0.5328125 0.6328125 0.55625 0.6421875 0.5763506359375 0.659375 0.7730574328125 0.659375
0 0.61640625 0.6046875 0.2140625 0.109375
0 0.73125 0.39765625 0.203125 0.2671875
2 0.103125 0.659375 0.0828125 0.6765625 0.0515625 0.7203125 0.034375 0.759375 0.028125 0.8078125 0.0390625 0.940625 0.0328125 0.9453125 0 0.9442366796874999 0 1 0.42678420624999996 1 0.4296875 0.9609375 0.4296875 0.72109375 0.4265625 0.7109375 0.4109375 0.6859375 0.3831676140625 0.659375 0.103125 0.659375
0 0.12265625 0.8828125 0.1734375 0.234375
0 0.33515625 0.94921875 0.0890625 0.1015625
0 0.40859375 0.790625 0.0421875 0.159375
0 0.9421875 0.68828125 0.115625 0.0578125
0 0.50390625 0.9515625 0.1484375 0.046875
1 1 0.659375 0.6316550921874999 0.659375 0.6335648140625001 0.6630208328125 0.6483796296875 0.6810763890625 0.6631944437499999 0.69774305625 0.6733796296875 0.7012152781250001 0.6928240734375001 0.6970486109375 0.7761574078125 0.6657986109375 0.790046296875 0.6671875 0.8363425921874998 0.7373263890625 0.8483796296874999 0.7401041671875 0.9233796296874999 0.7206597218749999 0.9576388890625 0.708159721875 0.9761574078125002 0.695659721875 1 0.6888113171875 1 0.659375