2 0 0.3390625 0.5265625 0.3390625 0.53125 0.3296875 0.528125 0.2484375 0.5171875 0.196875 0.4921875 0.1359375 0.4421875 0.0921875 0.40625 0.08125 0.3765625 0.0875 0.3390625 0.1125 0.1734375 0.1921875 0.146875 0.1921875 0.1359375 0.184375 0.0859375 0.171875 0.0609375 0.171875 0.0203125 0.2 0.00625 0.221875 0 0.2513392859375 0 0.3390625
0 0.07265625 0.31015625 0.1453125 0.0578125
0 0.42265625 0.13046875 0.1171875 0.06875
0 0.45625 0.30078125 0.14375 0.0734375
2 0.56875 0.3390625 0.8560763890625 0.3390625 0.8609375 0.3265625 0.8703125 0.28125 0.85 0.2515625 0.7375 0.1546875 0.56875 0.016071428125000002 0.56875 0.3390625
1 0.1390185875 0.3390625 0.1432291671875 0.3510927296875 0.1464154421875 0.36514501718750003 0.15254289375000002 0.3847528578125 0.156464459375 0.4014195265625 0.156464459375 0.405014296875 0.154993871875 0.40860906875 0.149601715625 0.4141646234375 0.14004289375 0.417432596875 0.12901347968750002 0.42592933125 0.1103860296875 0.432465278125 0.089552696875 0.44390318593749994 0.06504289375 0.45338030937500007 0.06087622499999999 0.4573018796875 0.0554840703125 0.46873978593750004 0.055238971875 0.47592933125000003 0.060386029687499995 0.5092626625000001 0.066758578125 0.532792075 0.07974877500000001 0.5948835765625 0.0915134796875 0.637694034375 0.0993566171875 0.6553410937499999 0.101807596875 0.676909721875 0.10719975625 0.6886744281249999 0.112196021875 0.69375 0.11259686718749999 0.69375 0.1214154421875 0.68834763125 0.1429840703125 0.68213848125 0.16161152031249998 0.6720077609375 0.185876225 0.6625306375 0.197150734375 0.6546874984375 0.21675857812500002 0.6465175640625 0.229993871875 0.6373672390625 0.2527879890625 0.6269097218749999 0.26308210781249997 0.6187397859375 0.2787683828125 0.608935865625 0.2964154421875 0.5922691999999999 0.309650734375 0.576256128125 0.321660540625 0.558935865625 0.3307291671875 0.5409620109375 0.3390625 0.5207005718750001 0.34690563750000003 0.48867442656249993 0.3515625 0.4573018796875 0.3515625 0.3947201734375 0.3505821078125 0.38507965781250003 0.3405330875 0.34455678125 0.3387323484375 0.3390625 0.1390185875 0.3390625
0 0.134375 0.5359375 0.102734375 0.055859375
0 0.1140625 0.46875 0.091015625 0.06328125
0 0.1328125 0.60625 0.08984375 0.077734375
0 0.31953125 0.46171875 0.041796875 0.141796875
2 0.56875 0.6913773140625 0.6375 0.7015625 0.734375 0.70625 0.7421875 0.696875 0.7640625 0.5734375 0.775 0.540625 0.790625 0.4375 0.78125 0.425 0.7359375 0.409375 0.6375 0.4 0.6140625 0.4078125 0.6015625 0.44375 0.56875 0.448876953125 0.56875 0.6913773140625
2 1 0.538380028125 0.7453125 0.6671875 0.740625 0.6828125 0.7484375 0.6984375 0.7890625 0.7421875 0.84375 0.7828125 0.9109375 0.7515625 0.9203125 0.753125 0.9546875 0.7875 1 0.78296875 1 0.538380028125
1 1 1 1 0.821484375 0.990625 0.815625 0.934375 0.79375 0.8953125 0.790625 0.853125 0.81875 0.8375 0.8390625 0.8265625 0.86875 0.828125 0.9 0.8421875 0.91875 0.8953125 0.9375 0.875 0.9703125 0.8660937499999999 1 1 1