2 0.0770304359375 0 0 0.35638177656250003 0 0.56875 0.29375 0.56875 0.3109375 0.565625 0.32406250000000003 0.56875 0.43197623281249997 0.56875 0.45 0.4703125 0.4609375 0.26875 0.440625 0.25 0.3484375 0.2296875 0.34375 0.221875 0.3703125 0.0328125 0.36652644218749997 0 0.0770304359375 0
0 0.159375 0.28203125 0.228125 0.346875
0 0.6390625 0.390625 0.2 0.2125
2 0.5390625 0.56875 0.4334558828125 0.56875 0.3328125 0.6828125 0.25 0.7875 0.2234375 0.8109375 0.175 0.884375 0.1609375 0.921875 0.1739583328125 1 0.2 1 0.225 0.99375 0.2890625 0.996875 0.3140625 0.915625 0.328125 0.9046875 0.3328125 0.9578125 0.351375 1 0.5390625 1 0.5390625 0.9404891296875 0.525 0.8921875 0.5265625 0.8765625 0.5390625 0.8666940796875 0.5390625 0.56875
0 0.46015625 0.63515625 0.1578125 0.1328125
0 0.28046875 0.9828125 0.1671875 0.034375
0 0.33125 0.90859375 0.10625 0.1625
0 0.22265625 0.88359375 0.0578125 0.1125
2 1 1 1 0.6554878046875 0.9671875 0.6546875 0.93125 0.665625 0.9203125 0.678125 0.909375 0.8203125 0.8953125 0.9140625 0.88125 0.9203125 0.7875 0.921875 0.7671875 0.9375 0.7578125 0.9921875 0.7579166671875 1 1 1
0 0.9640625 0.84453125 0.071875 0.3109375
0 1 0.71640625 0.9921875 0.7125 0.984375 0.6984375 0.959375 0.69375 0.95 0.7890625 0.959375 0.8109375 0.9625 0.8625 0.971875 0.875 0.9859375 0.8640625 1 0.8445564515624999 1 0.71640625