2 0.5296875 0 0.5296875 0.09931530937500001 0.62073499375 0.31875 0.9575438343750001 0.31875 0.86090921875 0 0.5296875 0
0 0.7046875 0.1578125 0.09375 0.315625
0 0.03671875 0.8109375 0.0734375 0.06875
0 0.05390625 0.9453125 0.1078125 0.078125
0 0.28046875 0.41953125 0.070703125 0.069921875
1 0.1006567859375 0.31875 0.09635416718749999 0.3416973046875 0.09439338281250001 0.36163194375 0.094148284375 0.3750306375 0.09610906875 0.3926776953125 0.099540440625 0.4103247546875 0.1083639703125 0.4302593953125 0.11841299062499999 0.44333129062500004 0.139001225 0.4603247546875 0.15542279375 0.46947508125 0.164001225 0.47699142187500004 0.1811580875 0.48712214062500003 0.1885110296875 0.4939848859375 0.20615808750000003 0.503462009375 0.21571691249999997 0.51163194375 0.22870710781249998 0.5171875 0.2443933828125 0.5269914218749999 0.2647365203125 0.5318933828125 0.2735600484375 0.52895220625 0.2767463234375 0.52568423125 0.2796875 0.5201286765625 0.2872855390625 0.51097835 0.29145220625 0.5031352124999999 0.2958639703125 0.49757965625 0.30664828437499997 0.47535743437499994 0.31645220625000003 0.4498672390625 0.32478553906249996 0.4217626640625 0.3301776953125 0.391043709375 0.330912990625 0.37339665 0.32895220625 0.3662071078125 0.320373775 0.3544424015625 0.31056985312499996 0.34790645468750003 0.29512867656249997 0.33516135625 0.2735600484375 0.3220894609375 0.27035416562500003 0.31875 0.1006567859375 0.31875
1 0 1 0.0324990875 1 0.0360600484375 0.9985600484375 0.046109068749999996 0.9920241015624999 0.0669424015625 0.9828737750000001 0.07748161718749999 0.9750306375000001 0.0939031859375 0.9662071078124999 0.0983149515625 0.9596711593750001 0.10052083281249999 0.9472528593749999 0.10052083281249999 0.9416973046875 0.0965992640625 0.9077103765625001 0.0919424015625 0.8779718140625 0.089491421875 0.8698018796875001 0.085569853125 0.86326593125 0.083118871875 0.8606515515625001 0.07552083281250001 0.8593443624999999 0.0740502453125 0.855095996875 0.073805146875 0.845618871875 0.0840992640625 0.841043709375 0.0880208328125 0.8318933828125001 0.08826593125 0.8260110296875001 0.08017769531249999 0.8155535125 0.0767463234375 0.8083639703125 0.059589460937500005 0.7560763890625 0.0517463234375 0.7377757359375 0.045618871875 0.72895220625 0.03507965625 0.7266646234375 0.005177695312499999 0.737122140625 0 0.7398616625 0 1
2 0.6720788046875 0.31875 0.6671875 0.3328125 0.6625 0.4671875 0.63125 0.7390625 0.6203125 0.775 0.6109375 0.9390625 0.628125 0.975 0.6576704546875 1 0.8671875 1 0.9015625 0.815625 0.921875 0.659375 0.9609375 0.615625 0.978125 0.571875 0.9796875 0.5125 0.9671875 0.4625 0.953125 0.4359375 0.953125 0.415625 0.9666590078125001 0.31875 0.6720788046875 0.31875
2 0.6734375 0.31875 0.6671875 0.3390625 0.6640625 0.46875 0.6203125 0.7953125 0.6125 0.9453125 0.628125 0.9734375 0.6608173078125 1 0.8657169124999999 1 0.8671875 0.9984375 0.8828125 0.89375 0.90625 0.79375 0.9203125 0.6609375 0.9609375 0.6078125 0.975 0.571875 0.9765625 0.55 0.9703125 0.534375 0.959375 0.534375 0.946875 0.553125 0.94375 0.5078125 0.9667829953125 0.31875 0.6734375 0.31875
0 0.85390625 0.59921875 0.1328125 0.5609375
0 0.8265625 0.35078125 0.1375 0.0640625
0 0.73125 0.8515625 0.134375 0.296875