0 0.48671875 0.85546875 0.030078125 0.028125
0 0.50078125 0.7796875 0.0453125 0.065625
2 0.46875 0.85390625 0.250390625 0.235546875
0 0.8046875 0.91796875 0.04140625 0.06875
0 0.50703125 0.9484375 0.02890625 0.03125
0 0.8578125 0.934375 0.02265625 0.040625
1 0.259375 0.84765625 0.140625 0.2796875
0 0.38671875 0.88671875 0.04375 0.03203125
0 0.28359375 0.8203125 0.05859375 0.0453125
2 0.79140625 0.80546875 0.2859375 0.28984375
0 0.571875 0.91015625 0.034375 0.09453125
0 0.22109375 0.940625 0.0640625 0.071875
0 0.48671875 0.86015625 0.07890625 0.03359375