2 0.2034375 0 0.203125 0.0171875 0.1484375 0.0140625 0.1421875 0.0203125 0.121875 0.1078125 0.1171875 0.1703125 0.13125 0.1828125 0.1875 0.196875 0.178125 0.3078125 0.18125 0.328125 0.2125 0.3328125 0.2140625 0.3546875 0.2265625 0.3671875 0.29375 0.3734375 0.3265625 0.3625 0.3359375 0.3390625 0.36090721875 0 0.2034375 0
0 0.25625 0.340625 0.171875 0.05625
2 0.65 0 0.65 0.55 0.7873411015625 0.55 0.79375 0.515625 0.8140625 0.359375 0.853125 0.315625 0.8703125 0.271875 0.871875 0.2125 0.859375 0.1625 0.8453125 0.1359375 0.8453125 0.115625 0.8614659921874999 0 0.65 0
2 0.65 0 0.65 0.55 0.78525390625 0.55 0.7984375 0.49375 0.8125 0.3609375 0.853125 0.3078125 0.8671875 0.271875 0.86875 0.25 0.8625 0.234375 0.8515625 0.234375 0.8390625 0.253125 0.8359375 0.2078125 0.861254759375 0 0.65 0
0 0.74609375 0.284375 0.1328125 0.53125
0 0.71875 0.04140625 0.1375 0.0828125
0 0.48671875 0.80703125 0.3265625 0.3859375
0 0.65 1 0.65 0.890625 0.6453125 0.88125 0.6296875 0.878125 0.61875 0.884375 0.59375 0.8796875 0.5375 0.890625 0.5046875 0.8875 0.4953125 0.915625 0.4953125 0.9984375 0.5041666671875 1 0.65 1
0 0.5053124999999999 1 0.5015625 0.99375 0.478125 0.99375 0.4703125 0.98125 0.4515625 0.975 0.346875 0.9828125 0.328125 0.9734375 0.275 0.9703125 0.2734375 0.9765625 0.2953125 0.9921875 0.30089285781249997 1 0.5053124999999999 1
2 1 1 1 0.6234627015624999 0.8140625 0.884375 0.771875 0.959375 0.7684322031249999 1 1 1
0 0.89609375 0.85625 0.1578125 0.17421875
0 0.8125 0.98671875 0.115625 0.0265625