0 0.8765625 0.45546875 0.075390625 0.095703125
1 1 0.51875 1 0.4509628859375 0.99150326875 0.4475490203125 0.9813725484375 0.44166666718750003 0.9689542484375 0.43700980468750006 0.9549019609375 0.434068628125 0.9333333328125001 0.417647059375 0.9153594765624999 0.40931372499999996 0.9052287578125 0.403431371875 0.8869281046874999 0.3970588234375 0.8745098046875001 0.390931371875 0.8513071890624999 0.38308823593749997 0.834313725 0.37573529375 0.8264705875 0.3745098046875 0.8179738562499999 0.3752450984375 0.8143790843750001 0.378186275 0.8055555562500001 0.39387254843749997 0.7875816999999999 0.4149509796875 0.7830065359375 0.42205882343749995 0.7526143796875 0.455882353125 0.72581699375 0.4889705875 0.7202614374999999 0.498039215625 0.71176470625 0.5080882359375 0.7058568875000001 0.51875 1 0.51875
0 0.9078125 0.03203125 0.16484375 0.05703125
1 0.6863300046875 0 0.6859477125 0.0002450984375 0.67581699375 0.0120098046875 0.6696078437499999 0.027696078125000002 0.663725490625 0.0379901953125 0.6578431375 0.0595588234375 0.6506535953125 0.075 0.6450980390625001 0.094117646875 0.63823529375 0.10857843125 0.6330065359375 0.13088235312500002 0.6245098046875001 0.15318627499999998 0.6274509796875 0.157352940625 0.6581699343749999 0.1745098046875 0.6653594765624999 0.18039215625 0.6846405234375 0.1879901953125 0.6908496734374999 0.1921568625 0.7068627453125 0.1995098046875 0.7147058828125 0.2056372546875 0.723856209375 0.2095588234375 0.7307189546874999 0.21642156875000002 0.74150326875 0.21911764687500002 0.76797385625 0.2227941171875 0.7908496734374999 0.2254901953125 0.8026143796875 0.22524509843749999 0.8049019609375 0.22475490156250003 0.808169934375 0.21960784375000003 0.8215686281250001 0.180882353125 0.828104575 0.1556372546875 0.83366013125 0.144117646875 0.8375817 0.1399509796875 0.84150326875 0.13823529375000002 0.8457516343750001 0.13823529375000002 0.8699346406250001 0.1436274515625 0.9405228765625001 0.15318627499999998 0.9454248359375 0.1529411765625 0.9486928109375 0.1517156859375 0.9568627453125 0.146568628125 0.960457515625 0.1416666671875 0.9718954249999999 0.1154411765625 0.9807189546874999 0.089460784375 0.986274509375 0.0649509796875 0.989542484375 0.040196078125 0.9901960781250001 0.02426470625 0.9892156859375 0.0154411765625 0.9859477125 0.0088235296875 0.9794117640625 0.003186275 0.972128853125 0 0.6863300046875 0
1 0.0932453078125 0.51875 0.088582515625 0.5290747546875 0.0813929734375 0.5388786765625 0.0755106203125 0.55382965625 0.0686478765625 0.5638786765625 0.051981209375000004 0.6008884796875 0.046425653125 0.625398284375 0.051000817187500005 0.6521139703125 0.0545955875 0.6606924015625 0.0591707515625 0.6675551468750001 0.0748570265625 0.6795649515625 0.082373365625 0.6834865203125 0.0974060453125 0.6881433828125 0.1111315359375 0.6940257359374999 0.1395629078125 0.701133578125 0.15230800625000002 0.7062806375 0.17583741875 0.7124080875 0.19217728750000002 0.7187806375 0.21636029375 0.7256433828125 0.23531454218749998 0.7322610296875001 0.259824346875 0.7374080875000001 0.27354983593750004 0.7364276953125 0.2794321890625 0.732506128125 0.2846609484375 0.726133578125 0.314399509375 0.6751531859375 0.3369485296875 0.62735906875 0.33825571875 0.6160845593750001 0.3369485296875 0.6138786765625001 0.3330269609375 0.612162990625 0.3010008171875 0.6013786765625 0.27191584999999996 0.5945159312499999 0.2552491828125 0.589368871875 0.24642565312500003 0.5837316171875 0.242504084375 0.5766237750000001 0.2451184640625 0.5724571078125 0.251981209375 0.5658394609374999 0.26407271250000003 0.547212009375 0.2689746734375 0.5364276953125 0.27583741875 0.5278492640625 0.278935040625 0.51875 0.0932453078125 0.51875
0 0.26875 0.66640625 0.1390625 0.059375
0 0.0578125 0.625 0.04921875 0.03515625
0 0.31015625 0.6125 0.0515625 0.025
0 0.784375 0.59375 0.04140625 0.025390625
0 0.996875 0.828125 0.00625 0.028125
0 0.83515625 0.67734375 0.0328125 0.040625
1 0.90859375 0.76953125 0.1828125 0.2234375
0 0.95 0.8421875 0.04375 0.05
0 0.66953125 0.58671875 0.08828125 0.028125
0 0.91015625 0.57578125 0.0453125 0.021875
0 0.78203125 0.65703125 0.03125 0.09453125
2 0.77109375 0.6109375 0.3609375 0.184375
0 0.5578125 0.6140625 0.115625 0.03125
0 0.84921875 0.72578125 0.03828125 0.02265625
1 0.5765625 0.5875 0.153125 0.1375