2 0 0 0 0.5003124999999999 0.00625 0.50625 0.05 0.521875 0.0828125 0.521875 0.109375 0.5140625 0.134375 0.5015625 0.1515625 0.4828125 0.165625 0.4359375 0.1640625 0.3453125 0.1859375 0.34375 0.2421875 0.3578125 0.2609375 0.3546875 0.290625 0.16875 0.2875 0.1453125 0.20625 0.125 0.1921875 0.1125 0.207598459375 0 0 0
0 0.0640625 0.25 0.128125 0.23125
0 0.125 0.40625 0.096875 0.13125
2 0.53963068125 0 0.5296875 0.0625 0.5140625 0.0640625 0.4609375 0.0453125 0.4484375 0.0484375 0.421875 0.075 0.4 0.121875 0.3890625 0.1625 0.384375 0.2453125 0.3921875 0.275 0.4125 0.296875 0.4953125 0.3359375 0.5078125 0.353125 0.4848198 0.55 0.7346706078125 0.55 0.7734375 0.3390625 0.8125 0.0734375 0.825 0.03125 0.8285511359375001 0 0.53963068125 0
0 0.69921875 0.12734375 0.2359375 0.2546875
0 0.6359375 0.33359375 0.175 0.303125
0 0.7203125 0.52421875 0.059375 0.0515625
0 0.559375 0.08046875 0.05625 0.1609375
0 0.22890625 0.56640625 0.0640625 0.0328125
2 0.16875 0.68671875 0.321875 0.2734375
0 0.10625 0.73203125 0.083984375 0.083203125
0 0.09375 0.634375 0.1203125 0.075
2 1 1 1 0.55 0.6606468015625 0.55 0.6109375 0.60625 0.5875 0.646875 0.5828125 0.7171875 0.5875 0.7390625 0.6390625 0.8375 0.7140625 0.9171875 0.7484375 0.928125 0.78125 0.9171875 0.803125 0.8984375 0.840625 0.846875 0.859375 0.834375 0.8953125 0.8875 0.9453125 0.9921875 0.957465278125 1 1 1