0 0.2328125 0.178125 0.2234375 0.146875 0.2015625 0.1203125 0.1859375 0.1125 0.1296875 0.1125 0.0734375 0.1375 0.059375 0.15 0.0125 0.2453125 0.0203125 0.2671875 0.0515625 0.290625 0.1640625 0.3078125 0.1765625 0.3015625 0.203125 0.23125 0.2234375 0.2140625 0.2328125 0.178125
1 0.6695443296875 0 0.6626072296875 0.0176828015625 0.65917585625 0.035656659375 0.6540287984375001 0.052976920312499995 0.647901346875 0.0820618875 0.6437346796875 0.0967677703125 0.639322915625 0.1196435875 0.6351562484375 0.1336958734375 0.6290287984375 0.1663756140625 0.6238817390625 0.1850030640625 0.6258425234375 0.19088541718750002 0.6324601703124999 0.2003625421875 0.6469209546875 0.2150684234375 0.6532935046875 0.22323835625 0.6787837015625 0.24807495781250002 0.6961856609375 0.2683363984375 0.70329350625 0.2725847640625 0.72167585625 0.276179534375 0.731482215625 0.2796875 0.7481839812500001 0.2796875 0.7493719359375 0.279447509375 0.7530484062499999 0.2768331296875 0.756969975 0.2716043703125 0.7604013468749999 0.2634344375 0.76407781875 0.24938215000000002 0.7758425234375 0.18467626718750002 0.779273896875 0.176179534375 0.7844209546875 0.173891953125 0.7900582093749999 0.17356515625 0.801822915625 0.176179534375 0.81089154375 0.179447509375 0.8179993875000001 0.18467626718750002 0.823636640625 0.1869638484375 0.844469975 0.1918658078125 0.85451899375 0.190231821875 0.8589307609375 0.18467626718750002 0.860401346875 0.180101103125 0.8655484078125 0.17127757500000002 0.8689797796875001 0.155918096875 0.874617034375 0.139578228125 0.8792738984374999 0.11082005624999999 0.8844209546874999 0.089578228125 0.8893229171874999 0.0464409734375 0.890625 0.026475689062500002 0.890625 0.014657265624999999 0.8856464453124999 0.00166973125 0.8830455171875 0 0.6695443296875 0
1 0.9206203593750001 0.609375 0.9208892015625001 0.6087775734374999 0.921379396875 0.5957056781250001 0.919908809375 0.5888429328125 0.9069186124999999 0.57805861875 0.8978499859374999 0.5662939140625001 0.8895166515625 0.559757965625 0.8821637109375 0.551261234375 0.8647617499999999 0.54211090625 0.8525068484375 0.526097834375 0.8480950828125 0.5185814953125 0.83436959375 0.5084507765625 0.8270166515625 0.499627246875 0.8142715546874999 0.491784109375 0.8069186125 0.48361417500000003 0.79221273125 0.47511744218749996 0.7833892015625 0.4679279 0.7770166515625 0.46662071093749996 0.769908809375 0.4705422796875 0.75936959375 0.48720894687499994 0.7520166515625 0.5084507765625 0.747114690625 0.5156403187499999 0.74221273125 0.5270782265625 0.7378009656250001 0.533940971875 0.7248107703125 0.5630259390625 0.70178108125 0.609375 0.9206203593750001 0.609375
0 0.84609375 0.04375 0.0828125 0.0609375
0 0.2890625 0.75703125 0.1125 0.16875
0 0.4390625 0.73203125 0.084375 0.09375
2 0.5 0.609375 0.5 0.7897216796875 0.5703125 0.8875 0.64375 0.975 0.6626941000000001 1 1 1 1 0.9291666671875 0.9671875 0.8671875 0.99375 0.828125 1 0.804375 1 0.7375 0.9796875 0.671875 0.940625 0.6171875 0.92413194375 0.609375 0.8771673390625001 0.609375 0.7953125 0.6546875 0.7796875 0.6546875 0.7354166671875 0.609375 0.5 0.609375
0 0.60625 0.65703125 0.125 0.0953125
0 0.8765625 0.9296875 0.15625 0.140625
0 0.98359375 0.95546875 0.0328125 0.0890625
0 0.546875 0.809375 0.09375 0.19375