0 0.6046875 0.6234375 0.04140625 0.025390625
0 0.828125 0.8578125 0.0265625 0.028125
0 0.65546875 0.70703125 0.0328125 0.040625
0 0.6234375 0.4078125 0.05390625 0.0359375
1 0.7609375 0.79921875 0.24453125 0.2234375
0 0.85 0.73125 0.0421875 0.04296875
0 0.7703125 0.871875 0.04375 0.05
0 0.48984375 0.61640625 0.08828125 0.028125
0 0.73046875 0.60546875 0.0453125 0.021875
0 0.91015625 0.51796875 0.109375 0.06015625
0 0.60234375 0.68671875 0.03125 0.09453125
2 0.5921875 0.63359375 0.36015625 0.2
2 0.77734375 0.49921875 0.4078125 0.2203125
0 0.4125 0.64375 0.046875 0.03125
0 0.66953125 0.75546875 0.03828125 0.02265625
1 0.43125 0.57578125 0.084375 0.2203125