2 0.5 0.3390625 0.5 0.046172753125 0.36875 0.034375 0.3578125 0.0390625 0.3484375 0.078125 0.336237825 0.3390625 0.5 0.3390625
0 0.35 0.2890625 0.040625 0.1
0 0.43671875 0.0953125 0.1265625 0.13125
2 0.562519290625 0 0.565309928125 0.3390625 0.8859375 0.3390625 0.875 0.26875 0.8359375 0.19375 0.8359375 0.1109375 0.846875 0.071875 0.85 0.0078125 0.84988251875 0 0.562519290625 0
0 0.71953125 0.16953125 0.3453125 0.3390625
0 0.7375 0.0953125 0.2 0.190625
0 0.23046875 0.39765625 0.0796875 0.1171875
1 0.0921875 0.85625 0.184375 0.2875
0 0.05390625 0.94765625 0.1078125 0.0640625
1 0.2890625 0.59140625 0.353125 0.5046875
2 0.5 1 0.8256485843749999 1 0.8421875 0.9484375 0.8453125 0.890625 0.8359375 0.8546875 0.8140625 0.8328125 0.76875 0.809375 0.7234375 0.76875 0.7359375 0.7328125 0.7359375 0.6796875 0.7515625 0.53125 0.7515625 0.509375 0.7421875 0.4859375 0.66875 0.4359375 0.6171875 0.4234375 0.578125 0.4234375 0.5296875 0.43125 0.5015625 0.44375 0.5 0.44505208281249997 0.5 1
0 0.56640625 0.509375 0.0609375 0.15546875
0 0.69296875 0.65 0.0921875 0.296875
0 0.51875 0.59296875 0.0375 0.2734375
0 0.59375 0.9125 0.1875 0.175