0 0.371875 0.0859375 0.2625 0.171875
2 0.714044225 0 0.7171875 0.5375 0.7276041671875 0.559375 0.9763513515625 0.559375 0.9828125 0.5328125 0.984375 0.4578125 0.990625 0.4484375 1 0.4443014703125 1 0.009375 0.9997961953125 0 0.714044225 0
0 0.75234375 0.16796875 0.1046875 0.3359375
0 0.90390625 0.44453125 0.1921875 0.2296875
0 0.9677884609374999 0.559375 0.96875 0.546875 0.9578125 0.5390625 0.9390625 0.49375 0.9 0.4265625 0.865625 0.3796875 0.8453125 0.3671875 0.8609375 0.409375 0.890625 0.45625 0.8953125 0.478125 0.928125 0.515625 0.95546875 0.559375 0.9677884609374999 0.559375
1 0.0849489234375 0.559375 0.0889399515625 0.57431576875 0.0953125 0.5926164218750001 0.098743871875 0.608956290625 0.10707720624999999 0.633139296875 0.10707720624999999 0.64130923125 0.10487132343750001 0.6494791671875 0.09849877500000001 0.6547079250000001 0.085998775 0.6602634796875 0.06492034375 0.667126225 0.0556066171875 0.6739889703124999 0.0372242640625 0.682485703125 0.0264399515625 0.6893484484375 0.0161458328125 0.693270015625 0.009037990625 0.698825571875 0.006587009374999999 0.7034007359375 0.007567401562499999 0.72104779375 0.0139399515625 0.758956290625 0.0330575984375 0.8442504078124999 0.04139093125 0.8730085781250001 0.048498775 0.8890216500000001 0.051439951562499996 0.9083026953125 0.054381128125 0.9187602125 0.057567401562499995 0.9259497546875 0.0639399515625 0.9321589046875 0.0823223046875 0.92725694375 0.0962928921875 0.9197406046874999 0.12276347968750001 0.9102634796875 0.1313419125 0.9034007359375 0.1531556375 0.8939236109375 0.16099877499999998 0.8873876640624999 0.1833026953125 0.879217728125 0.1906556375 0.8749693624999999 0.196537990625 0.8697406046874999 0.21492034375000002 0.861243871875 0.2247242640625 0.8524203437500001 0.23697916718749998 0.8439236109374999 0.254381128125 0.8252961593749999 0.266881128125 0.8092830875000001 0.2752144609375 0.7958843953125 0.28428308750000003 0.7779105390625001 0.2911458328125 0.761243871875 0.298743871875 0.734773284375 0.3036458328125 0.7056883171875 0.3060968140625 0.67268178125 0.305851715625 0.648825571875 0.302665440625 0.6177798203125 0.2935968140625 0.5808517156249999 0.2891850484375 0.5667994281250001 0.2867003796875 0.559375 0.0849489234375 0.559375
0 0.06953125 0.703125 0.10390625 0.03515625
0 0.2765625 0.6859375 0.0859375 0.10625
0 0.09609375 0.83515625 0.11328125 0.084375
2 0.5796875 0.559375 0.5796875 1 0.74867995625 1 0.7484375 0.9859375 0.7703125 0.984375 0.8265625 0.9984375 0.8453125 0.9953125 0.875 0.809375 0.871875 0.7859375 0.790625 0.765625 0.7765625 0.753125 0.7921875 0.6390625 0.7890625 0.5953125 0.7765625 0.5859375 0.7578125 0.6015625 0.75 0.5984375 0.7440814390625 0.559375 0.5796875 0.559375
0 0.7 0.61484375 0.196875 0.1109375
0 0.64609375 0.8875 0.1328125 0.225