1 0 0.6671875 0.00671309375 0.6671875 0.014231003124999999 0.6649663 0.019459762499999998 0.6595741421875 0.026649304687499997 0.6384957109375 0.032531657812499996 0.6264859078125 0.0397212 0.6041819859374999 0.044949957812500003 0.5938878671875 0.0475643375 0.58432904375 0.053446690625 0.5747702203125 0.06684538281249999 0.57501531875 0.089394403125 0.579427084375 0.1119434234375 0.5872702203125 0.1380872140625 0.5931525734375 0.16390420781249998 0.600505515625 0.17338133125 0.6002604171874999 0.180897671875 0.5970741421875 0.18645322656250002 0.5882506125 0.19593035 0.5681525734375 0.22109374843750002 0.5110447312499999 0.231551265625 0.48432904375 0.242335578125 0.44977022031249997 0.24375 0.4379244375 0.24375 0.43249495937500004 0.2403747953125 0.4272212015625 0.23253165937500003 0.422319240625 0.2106362328125 0.4147212015625 0.19364276875 0.4107996328125 0.1805708734375 0.4061427703125 0.15769505625 0.40148590781250004 0.135472834375 0.3990349265625 0.11749897812500001 0.3931525734375 0.08318525156249999 0.38604473125 0.0648845984375 0.380162378125 0.0289368859375 0.3732996328125 0.011616625 0.36741727968750004 0 0.365699328125 0 0.6671875
1 0 1 0.229361553125 1 0.23431372499999997 0.9961243875000001 0.2405228765625 0.98754595625 0.24705882343750002 0.9821538000000001 0.2535947703125 0.971369484375 0.25751633906250004 0.9559283093750001 0.2571895421875 0.9424479171875 0.24934640625 0.9277420359375 0.2232026140625 0.8990655640625 0.213071896875 0.8922028203124999 0.20686274375 0.8853400749999999 0.1937908484375 0.8787224281250001 0.188888890625 0.8787224281250001 0.1767973859375 0.8831341921875 0.16633986875 0.8904871328125001 0.1532679734375 0.8929381124999999 0.1516339859375 0.8885263468750001 0.15653594843750002 0.8649969375000002 0.15065359375 0.8581341921875 0.1415032671875 0.8510263468750001 0.1176470578125 0.8441636015625 0.1049019609375 0.83754595625 0.0973856203125 0.8353400749999998 0.0673202609375 0.8297028203124999 0.055555554687499994 0.8294577203125 0.05261437812500001 0.8297028203124999 0.0392156859375 0.8368106624999999 0.034640521875000004 0.8446538 0.026143790625000003 0.8524969375000001 0.0228758171875 0.8573988984375 0.0140522875 0.8642616437499999 0.01013071875 0.87014399375 0.002614378125 0.8762714468749999 0 0.87984699375 0 1
0 0.12265625 0.9046875 0.05625 0.10625
1 0.95390625 0.88203125 0.0921875 0.2359375
2 0.7296875 0.59375 0.259375 0.415625
0 0.71484375 0.49296875 0.11875 0.08671875
0 0.6984375 0.71640625 0.196875 0.1078125
0 0.68046875 0.42578125 0.08125 0.06015625
0 0.690625 0.4125 0.06640625 0.04140625
0 0.69140625 0.44609375 0.0953125 0.07890625
0 0.6765625 0.5859375 0.153125 0.190625