2 0.06789772656250001 0 0.0359375 0.05625 0.0078125 0.071875 0.0171875 0.0859375 0 0.093303571875 0 0.56875 0.0897727265625 0.56875 0.096875 0.553125 0.1109375 0.5015625 0.240625 0.16875 0.26875 0.0796875 0.2671875 0.0609375 0.2203125 0.0203125 0.184375 0.003125 0.18194444375000002 0 0.06789772656250001 0
0 0.17109375 0.10234375 0.1296875 0.2046875
0 0.0640625 0.24921875 0.128125 0.2890625
0 0.04296875 0.521875 0.0859375 0.09375
2 0.4296875 0 0.4296875 0.28524305625 0.4375 0.2921875 0.453125 0.3125 0.453125 0.321875 0.4296875 0.3668496625 0.4296875 0.47467105312499996 0.534834559375 0.56875 0.5633333328125 0.56875 0.61875 0.459375 0.6328125 0.465625 0.7375 0.5546875 0.75625 0.559375 0.7828125 0.5265625 0.8625 0.3609375 0.8828125 0.3015625 0.8828125 0.2828125 0.840625 0.240625 0.5703125 0.025 0.5434375 0 0.4296875 0
0 0.20546875 0.8640625 0.2578125 0.271875
0 0.2904211953125 1 0.2984375 0.9078125 0.2875 0.8859375 0.2859375 0.825 0.2765625 0.7828125 0.259375 0.7515625 0.2484375 0.7671875 0.2453125 0.80625 0.2328125 0.828125 0.23125 0.85 0.24375 0.903125 0.24375 0.9421875 0.2359375 0.9765625 0.25 0.98125 0.25625 0.990625 0.2555803578125 1 0.2904211953125 1
0 0.098805146875 1 0.1015625 0.9921875 0.1109375 0.9296875 0.1234375 0.8953125 0.1203125 0.8875 0.10625 0.9046875 0.10625 0.9375 0.0890625 0.9546875 0.078125 0.9859375 0.07625 1 0.098805146875 1
0 0.296463815625 1 0.3015625 0.9515625 0.296875 0.90625 0.2890625 0.93125 0.275 0.928125 0.2640625 0.9359375 0.221875 0.99375 0.21894946875 1 0.296463815625 1
2 0.4296875 0.56875 0.4296875 0.6760995375000001 0.4609375 0.7015625 0.459375 0.71875 0.4296875 0.7703125 0.4296875 0.8728618421875 0.453125 0.9234375 0.503125 0.9796875 0.5452008921875 1 0.6171052625 1 0.640625 0.9796875 0.7046875 0.8640625 0.71875 0.8640625 0.7515625 0.896875 0.8390625 0.94375 0.88125 0.95625 0.9078125 0.95 0.9203125 0.934375 1 0.7092927625 1 0.634847384375 0.901993534375 0.56875 0.4296875 0.56875
0 0.70234375 0.59140625 0.1640625 0.0453125