2 0.0710388796875 0 0.040625 0.4546875 0.0421875 0.5 0.0515625 0.51875 0.27904713124999997 0.51875 0.3203125 0.2390625 0.33951430781249997 0 0.0710388796875 0
0 0.2390625 0.02265625 0.065625 0.0453125
0 0.19453125 0.41015625 0.0921875 0.2171875
0 0.05234375 0.4078125 0.0359375 0.215625
0 0.2828125 0.20703125 0.075 0.2609375
0 0.67890625 0.053125 0.0828125 0.10625
0 0.79296875 0.040625 0.0484375 0.08125
0 0.58828125 0.43359375 0.0578125 0.1703125
0 0.74609375 0.42578125 0.0484375 0.1859375
0 0.6592521062500001 0 0.65625 0.0140625 0.6484375 0.09375 0.6640625 0.078125 0.6796875 0.0359375 0.6893785109375 0 0.6592521062500001 0
0 0.5996527781250001 0.51875 0.6125 0.4609375 0.61875 0.396875 0.6078125 0.390625 0.5921875 0.409375 0.5875 0.459375 0.578125 0.4859375 0.57265625 0.51875 0.5996527781250001 0.51875
0 0.771875 0 0.771875 0.0140625 0.7875 0.06875 0.8046875 0.0140625 0.806328125 0 0.771875 0
2 0 1 0.559375 1 0.559375 0.7959821421875001 0.4765625 0.8078125 0.4703125 0.7984375 0.4546875 0.7109375 0.4296875 0.6625 0.4140625 0.646875 0.3796875 0.6328125 0.3015625 0.63125 0.240625 0.6578125 0.20625 0.6984375 0.1953125 0.7328125 0.1953125 0.859375 0.19375 0.8796875 0.1859375 0.8890625 0.0625 0.925 0 0.9276595750000001 0 1
2 1 1 1 0.7114583328124999 0.975 0.715625 0.9328125 0.746875 0.9078125 0.78125 0.903125 0.8421875 0.896875 0.846875 0.8203125 0.8140625 0.771875 0.778125 0.7578125 0.778125 0.74375 0.7890625 0.69375 0.8796875 0.68125 0.925 0.66875 0.996875 0.6686755953125 1 1 1
0 0.84453125 0.95625 0.1734375 0.0875