2 0 0 0 0.3225578703125 0.33125 0.0109375 0.332091346875 0 0 0
2 0.5567968750000001 0 0.5578125 0.0203125 0.54375 0.065625 0.5359375 0.0578125 0.5359375 0.0140625 0.53125 0.0171875 0.528125 0.0875 0.540625 0.0953125 0.44375 0.1046875 0.43125 0.1078125 0.4171875 0.121875 0.4078125 0.203125 0.4140625 0.346875 0.4296875 0.396875 0.521875 0.39375 0.5390625 0.403125 0.5328663796875001 0.4390625 0.8006744609374999 0.4390625 0.8354204140625001 0 0.5567968750000001 0
0 0.6578125 0.03671875 0.159375 0.0734375
0 0.80546875 0.08359375 0.0734375 0.1671875
0 0.12578125 0.5375 0.0328125 0.109375
0 0.3328125 0.7828125 0.075 0.109375
0 0.10234375 0.9703125 0.0328125 0.059375
0 0.2421875 0.8609375 0.09140625 0.0546875
0 0.05546875 0.8328125 0.10234375 0.0609375
1 0 0.4390625 0 0.46302333281249997 0.004625 0.47091666718749997 0.010374999999999999 0.4775833328125 0.041375 0.49391666718750005 0.049875 0.50025 0.059375 0.5042500000000001 0.062875 0.50825 0.065625 0.5195833328124999 0.06587499999999999 0.5289166671875 0.062625 0.5605833328125 0.060125 0.5705833328125001 0.060125 0.5749166671875 0.063875 0.5832499999999999 0.06887499999999999 0.58925 0.079625 0.5945833328125 0.08837500000000001 0.5972500000000001 0.099875 0.6039166671875 0.132625 0.6105833328125 0.147875 0.61625 0.164375 0.61825 0.173125 0.6139166671874999 0.180875 0.60325 0.185125 0.5862499999999999 0.187125 0.5702499999999999 0.189625 0.56125 0.192125 0.5449166671875 0.20187499999999997 0.45658333281249996 0.202625 0.44691666718749995 0.20217187499999997 0.4390625 0 0.4390625
2 0.17605681875 1 0.176375 0.99825 0.17962499999999998 0.9882500000000001 0.181375 0.9749166671874999 0.182875 0.9715833328125001 0.185375 0.9699166671875 0.196125 0.9722500000000001 0.24512499999999998 0.9909166671874999 0.24737499999999998 0.9905833328125 0.25012500000000004 0.9879166671874999 0.259125 0.9615833328125 0.274875 0.8969166671875 0.27737500000000004 0.8845833328125 0.275625 0.8735833328125 0.281625 0.8579166671875 0.281625 0.8519166671875 0.279875 0.8489166671875001 0.27087500000000003 0.8429166671874999 0.239875 0.83025 0.23512499999999997 0.8262499999999999 0.23112499999999997 0.8249166671874999 0.22737500000000002 0.8199166671875 0.21637499999999998 0.8182500000000001 0.19012500000000002 0.8092499999999999 0.095875 0.77125 0.075625 0.76425 0.060125 0.7569166671875001 0.050124999999999996 0.7532500000000001 0.044875 0.7529166671875 0.039125 0.75725 0.031625 0.76825 0.026125 0.7785833328124999 0.016875 0.8025833328124999 0.017125 0.8069166671874999 0.019375 0.8095833328125 0.035625000000000004 0.8149166671875001 0.037125000000000005 0.8199166671875 0.035125 0.83025 0.031125000000000003 0.8415833328125 0.029375000000000002 0.8435833328125 0.024375 0.8449166671875 0.011125 0.8445833328125001 0.0063750000000000005 0.8472500000000001 0.004625 0.85125 0.002125 0.8632500000000001 0.0016250000000000001 0.8829166671875001 0.0033750000000000004 0.8909166671875 0.009375 0.8969166671875 0.063625 0.9175833328125 0.07062500000000001 0.9229166671875 0.072125 0.9275833328124999 0.072125 0.9329166671875001 0.07062500000000001 0.9429166671874999 0.062625 0.9675833328125 0.056625 0.99825 0.056578125 1 0.17605681875 1
2 0.3890625 0.6933892859374999 0.382625 0.68125 0.367875 0.6595833328125 0.363625 0.6565833328125 0.355375 0.6545833328125 0.349875 0.6569166671875 0.343125 0.66625 0.337375 0.6719166671875 0.273875 0.7619166671875 0.262875 0.7809166671875 0.260125 0.7875833328125 0.26037499999999997 0.7925833328125 0.262875 0.8009166671875001 0.286125 0.8295833328125 0.292125 0.8352499999999999 0.298875 0.8449166671875 0.304875 0.8502500000000002 0.326625 0.8799166671875 0.338125 0.8945833328125001 0.342875 0.8989166671875001 0.350125 0.9099166671875001 0.355125 0.9145833328125 0.376125 0.9422499999999999 0.3890625 0.95625 0.3890625 0.6933892859374999
0 0.11187499999999999 0.5999166671875 0.126125 0.60325 0.134625 0.6005833328125 0.138375 0.5979166671875 0.139125 0.5959166671875 0.140375 0.5845833328125 0.139625 0.56025 0.143875 0.5375833328125 0.144375 0.4999166671875 0.143875 0.4965833328125 0.141625 0.49325 0.137375 0.49058333281250005 0.129125 0.49458333281249994 0.108625 0.5105833328125 0.105375 0.5229166671875001 0.104375 0.5369166671875 0.10687500000000001 0.55925 0.106375 0.5655833328125001 0.104375 0.5749166671875 0.10012499999999999 0.5815833328125001 0.096875 0.58425 0.096875 0.5862499999999999 0.09762499999999999 0.58825 0.104375 0.5949166671875 0.11187499999999999 0.5999166671875
0 0.036625000000000005 0.8585833328125 0.066625 0.8599166671875 0.086625 0.85625 0.10012499999999999 0.85625 0.108125 0.8519166671875 0.106375 0.8412499999999999 0.104625 0.8379166671875 0.08887500000000001 0.83025 0.075875 0.8219166671875 0.063375 0.8189166671875 0.045375 0.8172499999999999 0.022625 0.81225 0.013625000000000002 0.8115833328125 0.011375 0.81425 0.012375 0.8179166671875 0.015125 0.8199166671875 0.023875 0.8215833328125001 0.025374999999999998 0.8239166671875001 0.025374999999999998 0.8265833328125 0.022625 0.83125 0.014875 0.8325833328125001 0.012125 0.8349166671875 0.006625000000000001 0.8509166671875 0.009875 0.8549166671874999 0.024625 0.8552500000000001 0.036625000000000005 0.8585833328125
0 0.1094722609375 1 0.11837500000000001 0.9615833328125 0.118875 0.9509166671875 0.117875 0.9465833328125001 0.11487499999999999 0.9405833328125001 0.111125 0.93925 0.104125 0.9519166671875 0.10037499999999999 0.9652499999999999 0.095375 0.9765833328125 0.0898585734375 1 0.1094722609375 1
0 0.258625 0.85825 0.24787499999999998 0.8545833328124999 0.234875 0.8522500000000001 0.21612499999999998 0.8465833328125001 0.202625 0.8462500000000001 0.193625 0.84825 0.18937500000000002 0.8519166671875 0.20237500000000003 0.8589166671874999 0.208875 0.86525 0.236375 0.8819166671875 0.25187499999999996 0.8839166671874998 0.275625 0.8842500000000001 0.276625 0.8815833328124999 0.27737500000000004 0.8739166671875 0.275625 0.8635833328124999 0.270625 0.86525 0.264875 0.86525 0.258625 0.85825
0 0.363375 0.8192499999999999 0.36462500000000003 0.8149166671875001 0.360875 0.8089166671875001 0.35812499999999997 0.7985833328125 0.349125 0.7875833328125 0.343375 0.77425 0.338375 0.76825 0.33137500000000003 0.7499166671874999 0.328625 0.7465833328125 0.321375 0.7415833328125 0.315625 0.73125 0.31262500000000004 0.7299166671874999 0.306125 0.7345833328125 0.306125 0.7382500000000001 0.308875 0.7419166671874999 0.311375 0.75125 0.317125 0.7589166671875001 0.319375 0.7645833328125 0.324625 0.7729166671875 0.33337500000000003 0.78225 0.338125 0.7955833328125 0.347375 0.8079166671875001 0.350625 0.8149166671875001 0.355125 0.8179166671875 0.363375 0.8192499999999999
0 0.859375 0.92734375 0.10625 0.1453125
0 0.60078125 0.88046875 0.1921875 0.2390625