2 0.4796875 0 0.2562134734375 0 0.2421875 0.3 0.2546875 0.3265625 0.2875 0.3515625 0.3421875 0.3671875 0.3859375 0.36875 0.4125 0.3625 0.440625 0.34375 0.4515625 0.2296875 0.4796875 0.22781250000000003 0.4796875 0
0 0.271875 0.090625 0.040625 0.18125
0 0.40234375 0.23671875 0.1046875 0.2484375
2 0.80234375 0.2296875 0.3953125 0.459375
0 0.94140625 0.30234375 0.1171875 0.2421875
0 0.98359375 0.0328125 0.0328125 0.065625
0 0.72421875 0.2046875 0.1390625 0.23203125
2 0 0.9256236296874999 0.1234375 0.9640625 0.159375 0.9734375 0.178125 0.971875 0.2015625 0.93125 0.225 0.8296875 0.228125 0.734375 0.2203125 0.7015625 0.2046875 0.6703125 0.1015625 0.6375 0.1140625 0.5953125 0.1140625 0.571875 0.096875 0.53125 0.075 0.5046875 0.0421875 0.4828125 0 0.4765625 0 0.9256236296874999
2 1 1 1 0.7046875 0.90625 0.8109375 0.8234375 0.915625 0.796875 0.9390625 0.7566821812500001 1 1 1
0 0.97734375 0.75625 0.0453125 0.146875
0 0.9046875 0.97734375 0.10625 0.0453125
0 0.79609375 0.97734375 0.0578125 0.0453125