2 0.690625 0.3671875 0.1625 0.265625
0 0.66640625 0.43984375 0.1140625 0.0765625
0 0.9359375 0.4890625 0.08125 0.03203125
0 0.98984375 0.1546875 0.0203125 0.025
0 0.72734375 0.34453125 0.0625 0.08203125
1 0.8859375 0.52890625 0.228125 0.1421875
0 0.96875 0.06640625 0.0625 0.0234375
0 0.63828125 0.2640625 0.0484375 0.025
0 0.98359375 0.1578125 0.0328125 0.04375
0 0.975 0.09921875 0.05 0.0296875
0 0.67109375 0.4265625 0.1234375 0.1375
1 1 0.6 0.901688025 0.6 0.887918709375 0.6305759796875 0.8823631531250001 0.655085784375 0.8869383171875 0.6818014703124999 0.8905330875 0.6903799015625001 0.8951082515625 0.697242646875 0.9107945265625 0.7092524515624999 0.9183108656249999 0.7131740203125 0.9333435453125001 0.7178308828125 0.9470690359375 0.7237132359375 0.9755004078124999 0.730821078125 0.98824550625 0.7359681375 1 0.7390292031250001 1 0.6
0 0.89375 0.6546875 0.04921875 0.03515625