2 0.359375 0.35 0.359375 0 0.25514407499999997 0 0.2546875 0.0140625 0.246875 0.0703125 0.25 0.1328125 0.2390625 0.2421875 0.23748859531250002 0.35 0.359375 0.35
0 0.30625 0.24375 0.10625 0.2125
0 0.2578125 0.11875 0.015625 0.2375
0 0.90234375 0.03515625 0.1953125 0.0703125
0 0.3828125 0.02578125 0.046875 0.0515625
2 1 0 0.359375 0 0.359375 0.35 0.3875919125 0.35 0.5265625 0.328125 0.6640625 0.321875 0.821875 0.3015625 0.984375 0.2953125 1 0.2905048078125 1 0
2 0.7189157203125001 0.35 0.7140625 0.4140625 0.65 0.45625 0.621875 0.5109375 0.6125 0.5515625 0.6125 0.590625 0.621875 0.6296875 0.6359375 0.6484375 0.690625 0.69375 0.696875 0.7125 0.6831117015625 1 0.9390625 1 0.971875 0.759375 0.975 0.61875 0.9978183968749998 0.35 0.7189157203125001 0.35
0 0.81328125 0.47265625 0.0578125 0.2453125
0 0.95859375 0.4390625 0.0546875 0.178125
0 0.75078125 0.91484375 0.0921875 0.1703125
0 0.915625 0.9609375 0.05 0.078125
0 0.890625 0.75390625 0.16875 0.315625