2 0 0 0 0.3484375 0.140625 0.390625 0.3328125 0.465625 0.4217708328125 0.509375 0.5015625 0.509375 0.51875 0.5015625 0.5609375 0.4515625 0.5953125 0.3546875 0.60625 0.26875 0.6046875 0.1953125 0.584375 0.1109375 0.5484375 0.0484375 0.503125 0.0140625 0.49928977343750003 0 0.371875 0 0.3375 0.0078125 0.3140625 0.003125 0.3134072578125 0 0 0
0 0.19375 0 0.19375 0.0234375 0.2015625 0.0359375 0.2564670140625 0 0.19375 0
0 0.165625 0.1375 0.1671875 0.159375 0.1890625 0.1828125 0.2296875 0.2046875 0.2390625 0.2265625 0.253125 0.2296875 0.2703125 0.2046875 0.3078125 0.1796875 0.309375 0.153125 0.2984375 0.134375 0.2703125 0.1125 0.196875 0.1046875 0.171875 0.121875 0.165625 0.1375
0 0.459375 0.303125 0.484375 0.3421875 0.4609375 0.3859375 0.4125 0.4015625 0.5765625 0.4015625 0.5953125 0.3421875 0.6109375 0.2421875 0.609375 0.2359375 0.5921875 0.228125 0.590625 0.234375 0.5703125 0.2375 0.4375 0.2390625 0.43125 0.25 0.4359375 0.2796875 0.459375 0.303125
0 0.48984375 0.509375 0.5078125 0.5 0.5109375 0.4671875 0.50625 0.4625 0.365625 0.425 0.3921875 0.4828125 0.421875 0.50625 0.434375 0.509375 0.48984375 0.509375
0 0.56875 0.0875 0.54375 0.046875 0.5078125 0.0171875 0.4890625 0.0140625 0.453125 0.0390625 0.45 0.0578125 0.4734375 0.0625 0.4890625 0.0796875 0.5265625 0.0796875 0.56875 0.1125 0.56875 0.0875
0 0.584375 0.196875 0.5015625 0.2046875 0.478125 0.215625 0.4515625 0.2171875 0.440625 0.228125 0.475 0.24375 0.584375 0.24375 0.6140625 0.225 0.6171875 0.209375 0.6046875 0.196875 0.584375 0.196875
0 0.0203125 0.1484375 0.0078125 0.1796875 0.009375 0.2375 0.0328125 0.340625 0.046875 0.353125 0.0828125 0.36875 0.184375 0.4 0.1796875 0.3265625 0.14375 0.296875 0.1375 0.271875 0.1109375 0.265625 0.0953125 0.2515625 0.0765625 0.2109375 0.059375 0.2 0.028125 0.1515625 0.0203125 0.1484375
2 0.61875 0.509375 0.8411956515625001 0.509375 0.8375 0.403125 0.825 0.3640625 0.8046875 0.334375 0.7703125 0.315625 0.725 0.3109375 0.6765625 0.3265625 0.6375 0.359375 0.6234375 0.4 0.61875 0.4578125 0.61875 0.509375
0 0.76875 0.48671875 0.128125 0.0453125
2 0.61875 0.509375 0.44285996875 0.509375 0.3390625 0.609375 0.3046875 0.6078125 0.2453125 0.5828125 0.240625 0.56875 0.2296875 0.5609375 0.190625 0.55625 0.159375 0.5609375 0.11875 0.578125 0.096875 0.5921875 0.0765625 0.61875 0.08125 0.6921875 0.0765625 0.7703125 0.09375 0.8484375 0.0578125 0.8828125 0.0359375 0.9359375 0.034375 0.99375 0.035446428125 1 0.473115334375 1 0.61875 0.80379774375 0.61875 0.509375
2 0.61875 0.509375 0.61875 0.759375 0.6515625 0.75625 0.6953125 0.728125 0.7375 0.8125 0.7484375 0.8109375 0.7875 0.784375 0.853125 0.7234375 0.815625 0.6390625 0.8484375 0.6 0.8546875 0.5265625 0.8518229171874999 0.509375 0.61875 0.509375
0 0.675 0.62734375 0.1125 0.2296875