2 0.41875 0.145 0.40625 0.075 0.3859375 0.034375 0.34375 0.0078125 0.2828125 0.0015625 0.2328125 0.0203125 0.1921875 0.0609375 0.1765625 0.096875 0.171875 0.21875 0.0546875 0.2453125 0 0.2401041671875 0 0.6578125 0.015625 0.6671875 0.040625 0.665625 0.115625 0.6375 0.3296875 0.615625 0.41875 0.5996551718750001 0.41875 0.145
0 0.04609375 0.403125 0.0921875 0.1125
2 0.91875 0.065625 0.9078125 0.0515625 0.865625 0.021875 0.8265625 0.0078125 0.7671875 0.00625 0.73125 0.0171875 0.709375 0.0359375 0.6859375 0.29375 0.625 0.35625 0.609375 0.396875 0.61875 0.471875 0.6671875 0.5453125 0.6625 0.571875 0.6703125 0.603125 0.696875 0.6421875 0.7328125 0.6625 0.7484375 0.6625 0.759375 0.6546875 0.7890625 0.6609375 0.8140625 0.653125 0.8390625 0.6375 0.8515625 0.6203125 0.8703125 0.5203125 0.8796875 0.4015625 0.9078125 0.215625 0.9203125 0.08125 0.91875 0.065625
0 0.809375 0.16796875 0.15625 0.225
0 0.83359375 0.08046875 0.0515625 0.1609375
0 0.83046875 0.34921875 0.0765625 0.15
0 0.74296875 0.57734375 0.0984375 0.16875
0 0.06875 0.9640625 0.0625 0.071875
2 0.41875 0.66875 0.41875 0.9089561859374999 0.615 1 0.7103794640625 1 0.71875 0.984375 0.7671875 0.7703125 0.775 0.7015625 0.7515625 0.6765625 0.7361150562500001 0.66875 0.41875 0.66875
0 0.62265625 0.7578125 0.2484375 0.178125
0 0.590625 0.928125 0.228125 0.14375