2 0.4 0.51875 0.4 0 0.3136864625 0 0.2546875 0.5078125 0.2559742640625 0.51875 0.4 0.51875
0 0.35546875 0.128125 0.0890625 0.25625
0 0.7453125 0.2984375 0.1625 0.184375
0 0.6125 0.43125 0.240625 0.175
0 0.33125 0.565625 0.078125 0.09375
0 0.15546875 0.7078125 0.09453125 0.0734375
0 0.12421875 0.56171875 0.09453125 0.05625
1 0.092347346875 0.51875 0.090962009375 0.5194138078125 0.0791973046875 0.5288909312500001 0.0583639703125 0.5406556375 0.05395220625 0.5462111921874999 0.050275735937499996 0.5540543296875 0.050275735937499996 0.5579758984375001 0.0537071078125 0.5703942 0.0571384796875 0.59130923125 0.0818933828125 0.6896752453125 0.10027573593750001 0.7380412578125 0.10395220624999998 0.7599366828124999 0.1064031859375 0.7684334156249999 0.11155024531249999 0.7828125 0.11645220625 0.7909824343749999 0.1267463234375 0.7893484484375 0.14463847968750002 0.7821589046874999 0.16449142187500002 0.7717013890625 0.18802083281249998 0.7622242640625 0.201991421875 0.7540543296875001 0.2162071078125 0.7478451796875 0.23091299062499998 0.7377144609374999 0.24537377500000002 0.730851715625 0.2603247546875 0.720720996875 0.2752757359375 0.712877859375 0.29610906875 0.6955575984375 0.31179534375 0.6795445265625 0.32478553906249996 0.6641850484375 0.3375306375 0.6435968140625 0.348069853125 0.620720996875 0.35542279374999997 0.598498775 0.3615502453125 0.5756229578125 0.36473652031250003 0.55699550625 0.36645220625 0.53902165 0.3670205703125 0.51875 0.092347346875 0.51875
2 1 0.6297181375 0.978125 0.625 0.8421875 0.6078125 0.81875 0.596875 0.778125 0.5953125 0.6765625 0.5734375 0.6078125 0.5703125 0.5734375 0.559375 0.4515625 0.5484375 0.4390625 0.5390625 0.428125 0.59375 0.4109375 0.63125 0.4 0.6921875 0.4 0.8953125 0.403125 0.903125 0.5703125 0.93125 0.5875 1 0.8361661578125 1 0.8453125 0.975 0.940625 0.9796875 0.99375 0.9921875 1 0.9907451921875001 1 0.6297181375
0 0.57734375 0.8265625 0.3546875 0.21875
0 0.7765625 0.64609375 0.271875 0.109375
0 0.92578125 0.93828125 0.1484375 0.1234375