0 0.1953125 0.3046875 0.1625 0.184375
0 0.09140625 0.46484375 0.1828125 0.2296875
2 0.4816105765625 0 0.43203125 0.012890625 0.4140625 0.032421875 0.4125 0.055859375 0.4015625 0.082421875 0.396875 0.151171875 0.38359375 0.169140625 0.37265625 0.173828125 0.3296875 0.1731868 0.3296875 0.415253765625 0.88564630625 0.446875 0.90771484375 0.446875 0.9296875 0.429296875 0.953125 0.354296875 0.9546875 0.268359375 0.9390625 0.213671875 0.92890625 0.203515625 0.91015625 0.198828125 0.74765625 0.194140625 0.71328125 0.186328125 0.7078125 0.160546875 0.7171875 0.071484375 0.7140625 0.046484375 0.70546875 0.033203125 0.68046875 0.017578125 0.63515625 0.001953125 0.6234375 0 0.4816105765625 0
1 0.3296875 0.5796875 0.17139560625 0.5796875 0.173866421875 0.5908598859375 0.1807291671875 0.6104677296875 0.1839154421875 0.6245200171875 0.19004289375 0.6441278578125 0.193964459375 0.6607945265625 0.193964459375 0.664389296875 0.192493871875 0.66798406875 0.187101715625 0.6735396234375 0.17754289375 0.676807596875 0.16651347968750002 0.68530433125 0.1478860296875 0.691840278125 0.127052696875 0.7032781859374999 0.10254289375 0.7127553093750001 0.098376225 0.7166768796875 0.0929840703125 0.7281147859375 0.09273897187499999 0.73530433125 0.0978860296875 0.7686376625 0.10425857812499999 0.792167075 0.117248775 0.8542585765625 0.12901347968750002 0.8970690343750001 0.1368566171875 0.9147160937500001 0.139307596875 0.936284721875 0.14469975625 0.9480494281249999 0.149696021875 0.953125 0.15009686718749998 0.953125 0.1589154421875 0.9477226312500001 0.1804840703125 0.94151348125 0.19911152031249998 0.9313827609375 0.22337622499999998 0.9219056375000001 0.234650734375 0.9140624984375 0.254258578125 0.9058925640625001 0.267493871875 0.8967422390625 0.2902879890625 0.886284721875 0.3005821078125 0.8781147859375 0.3162683828125 0.8683108656249999 0.3296875 0.85563725625 0.3296875 0.5796875
0 0.171875 0.7953125 0.102734375 0.055859375
0 0.1515625 0.728125 0.091015625 0.06328125
0 0.1703125 0.865625 0.0890625 0.07734375
2 0.44699109843749996 0.5796875 0.4170617265625 1 0.8067145265625001 1 0.8078125 0.9796875 0.7984375 0.94375 0.7765625 0.921875 0.73125 0.8984375 0.6859375 0.8578125 0.6984375 0.821875 0.6984375 0.76875 0.7140625 0.6203125 0.7140625 0.5984375 0.7065625 0.5796875 0.44699109843749996 0.5796875
0 0.52890625 0.62734375 0.0609375 0.0953125
0 0.65546875 0.7390625 0.0921875 0.296875
0 0.4796875 0.69921875 0.040625 0.2390625
0 0.53671875 0.95703125 0.2265625 0.0859375