2 0 0.5890625 0.3 0.5890625 0.3 0.06974431875 0.296875 0.075 0.2046875 0.1984375 0.1921875 0.2015625 0.18125 0.1953125 0.071875 0.1 0.040625 0.090625 0.021875 0.1046875 0 0.13797554375 0 0.5890625
0 0.278125 0.23984375 0.04375 0.4015625
0 0.584375 0.0796875 0.03125 0.071875
0 0.60625 0.17578125 0.05 0.146875
2 0.7796875 0.5890625 0.7796875 0.575 0.7734375 0.5609375 0.7765625 0.5421875 0.8578125 0.5078125 0.8796875 0.4921875 0.89375 0.45625 0.9 0.4015625 0.8875 0.340625 0.86875 0.303125 0.84375 0.2828125 0.8015625 0.278125 0.815625 0.13125 0.8109375 0.0984375 0.7890625 0.08125 0.7640625 0.08125 0.7453125 0.125 0.69375 0.1234375 0.6765625 0.1109375 0.6546875 0.05 0.6421875 0.0453125 0.5984375 0.0546875 0.5640625 0.0734375 0.565625 0.140625 0.54019813125 0.5890625 0.7796875 0.5890625
0 0.7140625 0.12890625 0.153125 0.1859375
0 0.7609375 0.559375 0.040625 0.059375
0 0.678125 0.453125 0.184375 0.271875
0 0.153125 0.86015625 0.2 0.048046875
1 0 1 0.08691239375000001 1 0.07986111093750001 0.98125 0.0826388890625 0.9736111109374999 0.11967592656249999 0.9625 0.2307870375 0.9472222218749999 0.24097222187499998 0.940972221875 0.234490740625 0.8652777781250001 0.22523148124999998 0.8534722218749999 0.20023148124999998 0.840972221875 0.21782407343750002 0.8361111109374999 0.22430555624999998 0.8291666671875 0.22430555624999998 0.8131944437499999 0.21597222187499998 0.7770833328125 0.20486111093749998 0.7458333328125 0.19930555625 0.7416666671875001 0.19097222187500001 0.7416666671875001 0.0196759265625 0.7597222218749999 0 0.7633659125000001 0 1
2 0.30669642812500003 0.5890625 0.3 0.59266826875 0.3 1 0.59613486875 1 0.684375 0.9546875 0.84375 0.8875 0.896875 0.85625 0.9125 0.83125 0.9296875 0.8234375 0.9296875 0.8078125 0.940625 0.784375 0.9421875 0.73125 0.953125 0.7046875 0.9212284484375001 0.5890625 0.30669642812500003 0.5890625
0 0.7921875 0.71875 0.78125 0.7171875 0.759375 0.66875 0.7265625 0.6390625 0.7140625 0.6390625 0.7109375 0.6609375 0.7328125 0.765625 0.7328125 0.8046875 0.7046875 0.921875 0.7125 0.93125 0.7265625 0.93125 0.8640625 0.871875 0.89375 0.84375 0.9046875 0.8078125 0.84375 0.759375 0.8390625 0.734375 0.8171875 0.740625 0.7921875 0.71875
0 0.4653125 1 0.4765625 0.996875 0.4953125 0.96875 0.4890625 0.9359375 0.4421875 0.859375 0.4296875 0.8171875 0.4140625 0.80625 0.3953125 0.8046875 0.3515625 0.8234375 0.3 0.87666330625 0.3 0.975390625 0.328125 1 0.4653125 1
0 0.8225328953125001 0.5890625 0.834375 0.6140625 0.8625 0.64375 0.9046875 0.6546875 0.91875 0.66875 0.9328125 0.6703125 0.9359375 0.653125 0.9156001984375 0.5890625 0.8225328953125001 0.5890625