2 0 0 0 0.36875 0.1070833328125 0.36875 0.11875 0.346875 0.1296875 0.3421875 0.1375 0.3546875 0.1758522734375 0.36875 0.3489889703125 0.36875 0.3765625 0.275 0.39375 0.1828125 0.4046875 0.153125 0.4046875 0.1078125 0.1991456828125 0 0 0
0 0.2890625 0.09921875 0.221875 0.1921875
0 0.1984375 0.28046875 0.271875 0.1671875
2 0.5 0.36875 0.8127413625 0.36875 0.6296875 0.1640625 0.61875 0.15625 0.5984375 0.15625 0.55625 0.1703125 0.5265625 0.1984375 0.5390625 0.33125 0.5 0.3298549109375 0.5 0.36875
0 0.5671875 0.2953125 0.134375 0.146875
0 0.640625 0.2171875 0.115625 0.134375
2 0 0.97296875 0.0046875 0.9734375 0.01875 0.9671875 0.1140625 0.86875 0.140625 0.871875 0.2 0.928125 0.2234375 0.9328125 0.246875 0.9140625 0.275 0.8671875 0.29375 0.8234375 0.3015625 0.778125 0.296875 0.7453125 0.2796875 0.7265625 0.278125 0.7125 0.290625 0.70625 0.309375 0.68125 0.315625 0.65625 0.315625 0.609375 0.303125 0.5875 0.2953125 0.5546875 0.26875 0.5109375 0.228125 0.48125 0.2046875 0.4796875 0.1640625 0.50625 0 0.6466638515625001 0 0.97296875
0 0.04375 0.83984375 0.0875 0.2296875
0 0.64453125 0.528125 0.0953125 0.178125
0 0.8265625 0.47421875 0.05625 0.159375
0 0.78515625 0.80390625 0.0921875 0.2890625
0 0.86640625 0.89296875 0.1140625 0.2140625
0 0.8078125 0.421875 0.809375 0.4703125 0.8265625 0.5359375 0.83125 0.5375 0.8390625 0.5265625 0.8390625 0.4859375 0.8296875 0.45 0.8296875 0.4109375 0.8203125 0.403125 0.8078125 0.403125 0.8015625 0.4109375 0.8078125 0.421875
0 0.628125 0.4609375 0.634375 0.525 0.65 0.5859375 0.6640625 0.59375 0.6421875 0.4515625 0.63125 0.4390625 0.628125 0.4609375
0 0.7515625 0.7890625 0.7640625 0.7984375 0.771875 0.778125 0.759375 0.771875 0.7515625 0.7890625
0 0.8078125 0.834375 0.8109375 0.753125 0.80625 0.7515625 0.7984375 0.8640625 0.8046875 0.8578125 0.8078125 0.834375
0 0.9078125 1 0.9078125 0.9140625 0.9015625 0.9 0.8796875 0.8953125 0.865625 0.903125 0.8703125 0.95625 0.8625 0.990625 0.8574999999999999 1 0.9078125 1