2 0.35035393593749997 0.6 0.3203125 0.50625 0.23125 0.2546875 0.2 0.140625 0.1875 0.1171875 0.1703125 0.1015625 0.1140625 0.09375 0.1 0.0984375 0.090625 0.1140625 0.06875 0.0984375 0.05 0.1015625 0.0015625 0.1265625 0 0.127855603125 0 0.5916360296875001 0.0034400203125 0.6 0.35035393593749997 0.6
2 0.3505208328125 0.6 0.3203125 0.50625 0.23125 0.2546875 0.2 0.140625 0.1890625 0.11875 0.1703125 0.1015625 0.1125 0.09375 0.1015625 0.096875 0.0921875 0.1125 0.0703125 0.0984375 0.053125 0.1 0.0015625 0.1265625 0 0.127872984375 0 0.5938725484375 0.0025201609375 0.6 0.3505208328125 0.6
0 0.0734375 0.28046875 0.04375 0.3421875
0 0.10859375 0.43984375 0.2171875 0.3203125
2 1 0.364375 0.996875 0.35625 0.909375 0.20625 0.8046875 0.0453125 0.7921875 0.0390625 0.734375 0.0328125 0.690625 0.046875 0.6796875 0.0561298078125 0.6796875 0.561005434375 0.6890625 0.56875 0.7022836531250001 0.6 0.9863051468750001 0.6 0.9953125 0.5890625 1 0.575 1 0.364375
0 0.840625 0.30625 0.13125 0.1625
0 0.971875 0.44140625 0.05625 0.1296875
0 0.73984375 0.4625 0.1203125 0.128125
0 0.70390625 0.153125 0.0484375 0.175
0 0.78125 0.075 0.1 0.1125
2 0.6796875 0.6 0.36257340625 0.6 0.4671875 0.78125 0.49375 0.8046875 0.5234375 0.815625 0.5546875 0.81875 0.59375 0.809375 0.634375 0.784375 0.6734375 0.7453125 0.6796875 0.7354910718750001 0.6796875 0.6
0 0.41796875 0.6515625 0.1359375 0.103125