0 0.2359375 0.13125 0.159375 0.23125 0.1546875 0.25625 0.1609375 0.271875 0.1734375 0.2546875 0.203125 0.2390625 0.23125 0.2 0.246875 0.140625 0.25625 0.1359375 0.2546875 0.13125 0.2359375 0.13125
0 0.228125 0.4109375 0.2265625 0.396875 0.20625 0.390625 0.0921875 0.3890625 0.0671875 0.3984375 0.059375 0.409375 0.0734375 0.4296875 0.1921875 0.43125 0.2140625 0.4265625 0.228125 0.4109375
0 0.7078125 0.35703125 0.05625 0.084375
2 0.73515625 0.33984375 0.3703125 0.4578125
0 0.56875 0.20234375 0.0375 0.0765625
0 0.8125 0.25390625 0.08984375 0.115625
0 0.796875 0.525 0.153125 0.0875
0 0.7859375 0.1640625 0.0609375 0.08046875
0 0.79375 0.146875 0.05 0.05546875
0 0.79453125 0.19140625 0.071875 0.10546875
0 0.70703125 0.37890625 0.26796875 0.25546875
2 0.3791539640625 1 0.4203125 0.953125 0.4296875 0.934375 0.43125 0.9140625 0.3921875 0.8359375 0.4015625 0.8234375 0.478125 0.76875 0.4875 0.7390625 0.4859375 0.671875 0.4703125 0.6234375 0.4421875 0.5859375 0.415625 0.5734375 0.3828125 0.5734375 0.3484375 0.5859375 0.2828125 0.6234375 0.0171875 0.7890625 0.0109375 0.803125 0.0109375 0.8375 0.0296875 0.915625 0.0578125 0.9828125 0.0711189515625 1 0.1572635140625 1 0.19375 0.971875 0.240625 0.94375 0.25625 0.95625 0.2773148140625 1 0.3791539640625 1
2 0.5679822203125 0.56875 0.55 0.5863528484375 0.55 0.8632352937500001 0.5640625 0.8875 0.5921875 0.921875 0.6234375 0.9078125 0.71875 0.8046875 0.734375 0.809375 0.7890625 0.9078125 0.809375 0.9078125 0.8765625 0.85625 0.928125 0.7890625 0.9296875 0.75625 0.878125 0.646875 0.896875 0.6203125 0.946875 0.5875 0.966375 0.56875 0.5679822203125 0.56875