2 0.6796875 0 0.065625 0 0.0546875 0.0234375 0.0140625 0.15625 0 0.2234375 0 0.278125 0.00625 0.2953125 0.0421875 0.321875 0.1140625 0.3546875 0.134375 0.371875 0.1254849140625 0.41875 0.513800578125 0.41875 0.5734375 0.2734375 0.5953125 0.2328125 0.64375 0.1 0.6796875 0.028125 0.6796875 0
0 0.546875 0.18359375 0.0875 0.309375
0 0.3359375 0.07890625 0.15625 0.1578125
2 0.6796875 0 0.6796875 0.41875 0.6841517859375 0.41875 0.8640625 0.3578125 0.8953125 0.3359375 0.90625 0.31875 0.909375 0.234375 0.8953125 0.16875 0.8953125 0.1265625 0.871875 0.021875 0.8627604171875 0 0.6796875 0
0 0.80703125 0.18671875 0.2546875 0.0609375
0 0.25546875 0.97109375 0.0453125 0.0578125
0 0.25703125 0.86640625 0.04140625 0.03984375
0 0.29375 0.79921875 0.04296875 0.0515625
0 0.4953125 0.98359375 0.090625 0.0328125
0 0.45703125 0.81640625 0.0484375 0.06796875
2 0.38671875 0.87421875 0.3453125 0.2515625
0 0.28203125 0.82421875 0.05390625 0.07421875
2 1 0.4786426671875 0.828125 0.4796875 0.790625 0.4859375 0.7671875 0.5265625 0.7546875 0.5875 0.7515625 0.7265625 0.7578125 0.75625 0.7515625 0.7828125 0.7671875 0.871875 0.790625 0.928125 0.8515625 0.928125 1 0.9019301468750001 1 0.4786426671875
0 0.884375 0.590625 0.23125 0.209375
0 0.81328125 0.7453125 0.1171875 0.075