2 0.61875 0.3703125 0.6109375 0.35 0.5234375 0.2 0.41875 0.0390625 0.40625 0.0328125 0.3484375 0.0265625 0.3046875 0.040625 0.284375 0.0578125 0.259375 0.15625 0.259375 0.1890625 0.24375 0.2109375 0.2140625 0.2296875 0.109375 0.2734375 0.1078125 0.2953125 0.121875 0.378125 0.1609375 0.53125 0.175 0.55625 0.2671875 0.5328125 0.303125 0.5625 0.3203125 0.603125 0.3703125 0.65 0.41994485312499996 0.66875 0.510546875 0.66875 0.5328125 0.659375 0.565625 0.6359375 0.609375 0.5828125 0.61875 0.5546875 0.61875 0.3703125
0 0.4546875 0.3 0.13125 0.1625
0 0.58828125 0.43515625 0.0609375 0.1296875
0 0.340625 0.45703125 0.146875 0.128125
0 0.2828125 0.14765625 0.11875 0.175
0 0.3953125 0.06875 0.1 0.1125
2 0.7053125 0 0.6921875 0.021875 0.66875 0.0734375 0.6515625 0.13125 0.6546875 0.178125 0.778125 0.290625 0.71875 0.4015625 0.7171875 0.421875 0.7921875 0.4953125 0.8609375 0.5515625 0.871875 0.553125 0.8875 0.53125 0.934375 0.4359375 0.95 0.440625 1 0.484196428125 1 0.0957049765625 0.8878125000000001 0 0.7053125 0
2 0.067578125 0.66875 0.0640625 0.671875 0.0265625 0.725 0 0.7793323859375001 0 0.9953125 0.003125 0.9984375 0.006380207812499999 1 0.5542708328125 1 0.4828125 0.9125 0.3296875 0.7546875 0.2549592390625 0.66875 0.067578125 0.66875
0 0.38046875 0.884375 0.3109375 0.23125
0 0.11875 0.96171875 0.15625 0.0765625
0 0.953125 0.8453125 0.09375 0.309375