2 0.19620535781249998 0 0.1859375 0.0359375 0.184375 0.090625 0.2 0.1359375 0.2515625 0.2046875 0.259375 0.2234375 0.2898726859375 0.36875 0.5758511671875 0.36875 0.54375 0.09375 0.527922078125 0 0.19620535781249998 0
0 0.3984375 0.103125 0.1125 0.20625
0 0.540625 0.184375 0.10625 0.36875
2 0.09609375 0.78984375 0.1921875 0.4203125
0 0.084375 0.72265625 0.08984375 0.115625
0 0.07265625 0.975 0.1453125 0.05
0 0.0578125 0.6328125 0.0609375 0.08046875
0 0.065625 0.615625 0.05 0.05546875
0 0.06640625 0.66015625 0.071875 0.10546875
0 0.05625 0.846875 0.1125 0.25625
2 0.6890625 0.36875 0.6890625 0.788625 0.778125 0.8515625 0.825 0.896875 0.9561046515625 1 1 1 1 0.496875 0.91875 0.465625 0.8828125 0.421875 0.8734375 0.3890625 0.8596540171875 0.36875 0.6890625 0.36875
0 0.91171875 0.76640625 0.1765625 0.3546875
0 0.79296875 0.81484375 0.1828125 0.171875