0 0.0421875 0.23515625 0.084375 0.3296875
2 0.4296875 0.1546875 0.221875 0.309375
1 0.79453125 0.21015625 0.223828125 0.266796875
1 0.59296875 0.340625 0.2984375 0.11875
0 0.85859375 0.30546875 0.034375 0.05078125
0 0.403125 0.146875 0.0375 0.0421875
0 0.42734375 0.2546875 0.0421875 0.0953125
0 0.6140625 0.3421875 0.06484375 0.053125
0 0.33203125 0.1859375 0.0265625 0.078125
0 0.7328125 0.17109375 0.0625 0.0375
0 0.74765625 0.0359375 0.01640625 0.0703125
0 0.4703125 0.2515625 0.0390625 0.04921875
0 0.69453125 0.0375 0.0328125 0.075
0 0.7328125 0.2390625 0.0359375 0.02578125
0 0.509375 0.0734375 0.0359375 0.0328125
0 0.45390625 0.38515625 0.0453125 0.0296875
0 0.8671875 0.11953125 0.046875 0.07265625
2 0.41640625 0.15703125 0.1953125 0.2015625
2 0.31875 0.4 0.0734375 0.4 0.0609375 0.403125 0 0.41183035781250005 0 0.7904796515625 0.0328125 0.784375 0.04375 0.7921875 0.053125 0.8171875 0.046875 0.8515625 0.05 0.909375 0.0671875 0.95 0.0953125 0.965625 0.1484375 0.971875 0.2046875 0.9609375 0.253125 0.9375 0.271875 0.903125 0.259375 0.746875 0.2625 0.7296875 0.29375 0.7171875 0.31875 0.7118933828125 0.31875 0.4
2 0.6 0.8453125 0.61875 0.8484375 0.765625 0.93125 0.803125 0.93125 0.8265625 0.91875 0.8546875 0.8890625 0.8703125 0.8609375 0.9 0.7609375 0.896875 0.65625 0.8703125 0.5921875 0.83125 0.56875 0.640625 0.50625 0.4765625 0.45625 0.43125 0.4515625 0.3984375 0.4671875 0.36875 0.4984375 0.3515625 0.534375 0.3390625 0.590625 0.34375 0.653125 0.35625 0.696875 0.36875 0.7125 0.353125 0.7375 0.3546875 0.79375 0.3796875 0.8609375 0.4265625 0.940625 0.4625 0.965625 0.4875 0.9609375 0.5671875 0.8703125 0.6 0.8453125