2 0.46875 0.6 0.46875 0.1854525859375 0.39375 0.115625 0.3515625 0.0671875 0.30625 0.0453125 0.28125 0.0453125 0.2515625 0.05625 0.21875 0.0796875 0.1875 0.1234375 0.1734375 0.15625 0.1671875 0.190625 0.1734375 0.265625 0.26875 0.45 0.35532718124999996 0.6 0.46875 0.6
0 0.4109375 0.325 0.115625 0.234375
0 0.35390625 0.52109375 0.1359375 0.1578125
0 0.215625 0.290625 0.1125 0.196875
0 0.29921875 0.08359375 0.0484375 0.1359375
0 0.8546875 0.07890625 0.049609375 0.048828125
0 0.759375 0.165625 0.065234375 0.053125
2 0.50390625 0.425 0.0703125 0.35
2 0.846875 0.13125 0.30625 0.2625
0 0.83828125 0.5734375 0.1140625 0.053125
1 1 0.6 1 0.33902636406250003 0.9986213234375001 0.33991013125 0.9971507359375 0.3392565359375 0.9944546562500001 0.33500817031249996 0.9912683828125001 0.3131127453125 0.9888174015625001 0.310498365625 0.9795036765624999 0.30984477187500004 0.9709252453125 0.3131127453125 0.9660232843750001 0.318341503125 0.9530330875 0.32585784375000004 0.9471507359375 0.334027778125 0.940287990625 0.33991013125 0.9228860296875 0.3670343140625 0.9098958328125001 0.3895833328125 0.9054840687500001 0.3951388890625 0.9010723046875 0.4036356203125 0.8946997546875 0.41115196093749995 0.8895526953124999 0.42128267968750005 0.8841605390625 0.4274918296875 0.8799938718749999 0.43696895468749997 0.8748468140625001 0.44481209218749995 0.867248775 0.46441993437500007 0.86479779375 0.48043300625 0.8655330875 0.494158496875 0.8682291671875 0.5131127453125 0.8721507359375 0.5310866015625 0.8748468140625001 0.5369689546874999 0.8875919124999999 0.5555964046875 0.9005821078124999 0.56801470625 0.916023284375 0.578145425 0.9255821078124999 0.5876225484375001 0.9366115203125001 0.5948120921875 0.9421699921875 0.6 1 0.6
2 0.46875 1 0.46875 0.6 0.35795454531250004 0.6 0.3515625 0.615625 0.34375 0.675 0.2484375 0.69375 0.2453125 0.8 0.25625 0.8703125 0.2765625 0.875 0.3171875 0.8703125 0.321875 0.8828125 0.3203125 0.9265625 0.3375 0.9375 0.365625 0.9359375 0.389799528125 1 0.46875 1
0 0.396875 0.9125 0.14375 0.175
0 0.43515625 0.68203125 0.0671875 0.1640625