2 0 0 0 0.06218749999999999 0.00625 0.0734375 0.1859375 0.1546875 0.225 0.178125 0.528125 0.31875 0.578125 0.3328125 0.6015625 0.2890625 0.65 0.075 0.6578125 0.00625 0.651953125 0 0 0
0 0.50546875 0.07578125 0.2484375 0.1515625
0 0.140625 0.0859375 0.28125 0.171875
0 0.4734375 0.23515625 0.228125 0.146875
2 0.659375 0.35 1 0.35 1 0 0.6782670453125 0 0.659375 0.019482421875 0.659375 0.35
0 0.9 0.26015625 0.153125 0.1796875
0 0.3453125 0.9515625 0.03125 0.034375
0 0.35859375 0.66484375 0.040625 0.0484375
0 0.25859375 0.94296875 0.06640625 0.0375
0 0.4390625 0.928125 0.034375 0.02890625
0 0.57421875 0.81171875 0.08203125 0.0796875
0 0.34296875 0.98671875 0.0234375 0.0265625
0 0.00859375 0.9484375 0.0171875 0.071875
0 0.53828125 0.6171875 0.0375 0.07109375
2 0.33515625 0.915625 0.2703125 0.16875
0 0.3859375 0.60546875 0.046875 0.0390625
2 0.475 0.7484375 0.30546875 0.3703125
0 0.1671875 0.97890625 0.103125 0.0421875
0 0.02421875 0.79609375 0.034375 0.1015625
1 0.1234375 0.87109375 0.246875 0.2578125
2 1 0.35 0.7046875 0.35 0.69375 0.4109375 0.6984375 0.4484375 0.7140625 0.484375 0.7453125 0.521875 0.828125 0.5875 0.9296875 0.690625 1 0.7520246484374999 1 0.35