2 0.61875 0 0.0515625 0 0.0515625 0.021875 0.0609375 0.1078125 0.3375 0.1140625 0.61875 0.1140625 0.61875 0
0 0.234375 0.05703125 0.35625 0.1140625
0 0.565625 0.0390625 0.10625 0.078125
2 0.7393973218750001 0 0.7390625 0.0046875 0.73125 0.04375 0.7328125 0.125 0.65625 0.1921875 0.6453125 0.215625 0.6390625 0.253125 0.640625 0.290625 0.65625 0.346875 0.6581018515625 0.35 0.9574104531250001 0.35 0.9901589906249999 0 0.7393973218750001 0
0 0.8953125 0.0515625 0.203125 0.103125
0 0.91875 0.253125 0.1125 0.1125
2 0.61875 0.8267463234375001 0.58125 0.8046875 0.55625 0.796875 0.5640625 0.7046875 0.5515625 0.690625 0.54375 0.6640625 0.5171875 0.61875 0.4859375 0.5890625 0.4609375 0.575 0.4109375 0.5703125 0.3765625 0.584375 0.35 0.609375 0.15625 0.88125 0.1140625 0.95625 0.11035487343749999 1 0.609325396875 1 0.61875 0.940625 0.61875 0.8267463234375001
0 0.23828125 0.853125 0.1578125 0.17421875
0 0.3671875 0.92578125 0.15 0.1484375
0 0.425 0.60625 0.075 0.1
0 0.5296875 0.73359375 0.065625 0.175
0 0.1546875 0.98515625 0.115625 0.0296875