2 0.45 0.5390625 0.45 0 0.3586394234375 0 0.0171875 0.4171875 0.015625 0.4328125 0.0265625 0.4546875 0.0828125 0.5296875 0.0881696421875 0.5390625 0.3265625 0.5390625 0.346875 0.51875 0.3703125 0.53125 0.375284090625 0.5390625 0.45 0.5390625
0 0.13359375 0.41015625 0.2015625 0.15625
0 0.2828125 0.17578125 0.240625 0.146875
1 0.690909090625 0.5390625 0.7015625 0.5234375 0.709375 0.48125 0.7015625 0.440625 0.6828125 0.409375 0.6078125 0.3359375 0.584375 0.334375 0.5078125 0.371875 0.4625 0.4109375 0.4625 0.4296875 0.5046875 0.465625 0.5109375 0.4796875 0.45 0.524665178125 0.45 0.534821428125 0.45296875 0.5390625 0.690909090625 0.5390625
2 1 0.176171875 0.996875 0.171875 0.9828125 0.165625 0.6515625 0.140625 0.6359375 0.1484375 0.61875 0.1890625 0.615625 0.2328125 0.621875 0.2640625 0.6375 0.2796875 0.7171875 0.284375 0.715625 0.3421875 0.725 0.3515625 0.8859375 0.35625 0.8921875 0.35 0.89375 0.3015625 0.903125 0.2859375 0.95625 0.2875 0.9796875 0.28125 1 0.2640625 1 0.176171875
2 0.9065043609375 0.5390625 0.9265625 0.503125 0.9265625 0.4890625 0.9078125 0.471875 0.859375 0.4484375 0.81875 0.4359375 0.7796875 0.4328125 0.7609375 0.446875 0.734375 0.484375 0.7035651406250001 0.5390625 0.9065043609375 0.5390625
2 0 1 0.0388020828125 1 0.0609375 0.946875 0.0703125 0.940625 0.140625 0.9546875 0.1609375 0.953125 0.196875 0.8875 0.2140625 0.834375 0.203125 0.825 0.1328125 0.80625 0.1296875 0.7953125 0.1546875 0.75 0.14375 0.734375 0.0453125 0.7078125 0 0.702320075 0 1
2 0.7346610921875 0.5390625 0.7265625 0.6109375 0.70625 0.6953125 0.696875 0.765625 0.7015625 0.778125 0.715625 0.7890625 0.7859375 0.8015625 0.8046875 0.7890625 0.8125 0.7375 0.81875 0.7296875 0.8640625 0.7328125 0.871875 0.725 0.878125 0.6 0.83125 0.584375 0.8356707312499999 0.5390625 0.7346610921875 0.5390625
1 1 0.8211647734374999 0.996875 0.8140625 0.9484375 0.771875 0.8921875 0.765625 0.85625 0.7671875 0.84375 0.7765625 0.8484375 0.9109375 0.8984375 0.9140625 0.903125 0.91875 0.9109375 0.9953125 0.9734375 1 1 0.995849609375 1 0.8211647734374999
1 0.5234375 0.7984375 0.5015625 0.8140625 0.48125 0.840625 0.48125 0.8578125 0.5046875 0.9265625 0.5296875 0.9703125 0.5515625 0.9890625 0.5734375 0.9984375 0.61875 0.9984375 0.6515625 0.98125 0.7109375 0.93125 0.709375 0.9046875 0.6828125 0.840625 0.6671875 0.8203125 0.6734375 0.8 0.6046875 0.840625 0.5859375 0.7859375 0.5640625 0.7828125 0.5234375 0.7984375
2 1 0.5390625 0.867578125 0.5390625 0.865625 0.546875 0.8625 0.5875 0.884375 0.6046875 0.953125 0.634375 0.959375 0.6453125 0.978125 0.6484375 0.9796875 0.6578125 1 0.6592633921875001 1 0.5390625