0 0.4921875 0.2578125 0.115625 0.45
0 0.4734375 0.60078125 0.11875 0.1359375
0 0.4984375 0.2265625 0.4921875 0.2515625 0.496875 0.275 0.5078125 0.3109375 0.5125 0.315625 0.5296875 0.3125 0.5375 0.3203125 0.54375 0.3171875 0.540625 0.26875 0.525 0.225 0.515625 0.165625 0.5 0.14375 0.49375 0.1765625 0.4984375 0.2265625
0 0.5375 0.178125 0.5453125 0.1703125 0.5453125 0.1453125 0.5375 0.0671875 0.5234375 0.0609375 0.5171875 0.06875 0.5375 0.178125
2 1 0.7296875 1 0.278774825 0.55 0.30295706718750004 0.55 0.675284090625 0.559375 0.68125 0.721875 0.678125 0.73125 0.6921875 0.7366071421875 0.7296875 1 0.7296875
1 0.38697424375 1 0.3897365203125 0.9924172796875 0.3904718140625 0.971502246875 0.38606004843749997 0.955489175 0.392677696875 0.9404564953125 0.399540440625 0.9306525734375001 0.403462009375 0.9224826390625 0.4046875 0.9133323125 0.4046875 0.8895850359375 0.4032169125 0.88588133125 0.39929534375000003 0.8816329656249999 0.39194240156250004 0.8767310046875 0.387040440625 0.871502246875 0.37895220625000003 0.8666002859375 0.3610600484375 0.8603911359375 0.3439031859375 0.851894403125 0.3296875 0.8489532265624999 0.3147365203125 0.844051265625 0.3017463234375 0.8352277375 0.2740502453125 0.8264042078125 0.256648284375 0.8166002859375 0.226256128125 0.80941074375 0.2076286765625 0.8081035546875001 0.1907169125 0.811698325 0.17870710781250002 0.8188878671875 0.17380514687499998 0.825423815625 0.1669424015625 0.8319597625 0.1610600484375 0.8404564953125 0.1497855390625 0.8652930968750001 0.14292279375 0.8904564953125 0.1385110296875 0.9028747953125 0.1340992640625 0.923136234375 0.1287071078125 0.9404564953125 0.1250306375 0.959083946875 0.12037377499999999 0.975423815625 0.11591765312499999 1 0.38697424375 1
0 0.36328125 0.93125 0.0953125 0.091015625
2 0.5843830546875 0.7296875 0.56905605625 1 0.8042776640625 1 0.8109375 0.96875 0.8109375 0.94375 0.8046875 0.9296875 0.8078125 0.9109375 0.8890625 0.8765625 0.9109375 0.8609375 0.925 0.825 0.93125 0.7703125 0.9229166671875 0.7296875 0.5843830546875 0.7296875
0 0.62265625 0.96796875 0.0890625 0.0640625
0 0.7921875 0.94921875 0.040625 0.1015625
0 0.709375 0.86328125 0.184375 0.2671875