0 0.57265625 0.33828125 0.0734375 0.353125
0 0.68984375 0.30234375 0.1078125 0.2625
2 0.478125 0.2140625 0.471875 0.26875 0.453125 0.3265625 0.415625 0.3265625 0.3890625 0.340625 0.365625 0.36875 0.340625 0.4359375 0.3375 0.49375 0.35 0.534375 0.3640625 0.553125 0.4390625 0.6078125 0.4375 0.7375 0.428125 0.8265625 0.4390625 0.8890625 0.465625 0.921875 0.496875 0.9375 0.5453125 0.9484375 0.584375 0.9484375 0.63125 0.9296875 0.6515625 0.903125 0.6578125 0.8765625 0.728125 0.1984375 0.709375 0.1734375 0.6765625 0.159375 0.6234375 0.146875 0.521875 0.140625 0.50625 0.1484375 0.4984375 0.178125 0.478125 0.2140625
0 0.49375 0.79921875 0.084375 0.28125
0 0.66875 0.77265625 0.040625 0.3328125
0 0.496875 0.24453125 0.075 0.2609375
0 0.60625 0.6625 0.078125 0.384375
0 0.4796875 0.925 0.4890625 0.9296875 0.496875 0.928125 0.515625 0.8375 0.515625 0.7828125 0.521875 0.7515625 0.51875 0.7453125 0.5078125 0.7453125 0.496875 0.8390625 0.4796875 0.9109375 0.4796875 0.925
0 0.5796875 0.625 0.578125 0.6859375 0.5859375 0.7140625 0.6078125 0.725 0.6234375 0.68125 0.61875 0.6296875 0.628125 0.609375 0.625 0.5625 0.634375 0.5140625 0.6171875 0.5015625 0.584375 0.4984375 0.56875 0.5140625 0.56875 0.5671875 0.5796875 0.625
0 0.5609375 0.346875 0.56875 0.3421875 0.584375 0.309375 0.6 0.253125 0.596875 0.228125 0.58125 0.221875 0.5453125 0.2390625 0.55 0.3265625 0.5609375 0.346875
0 0.68125 0.378125 0.7 0.3734375 0.709375 0.35 0.7140625 0.259375 0.7078125 0.246875 0.6671875 0.290625 0.66875 0.365625 0.68125 0.378125