1 0.31171875 0.82109375 0.3546875 0.3578125
0 0.396875 0.2921875 0.184375 0.046875
0 0.39375 0.725 0.190625 0.13125
1 0.4890625 0.26875 0.12332794843749999 0.26875 0.1185151140625 0.2786764703125 0.0946589046875 0.3377450984375 0.0861621734375 0.36544117656249997 0.0802798203125 0.378431371875 0.0812602125 0.390931371875 0.08354779375 0.394117646875 0.0979268796875 0.405882353125 0.11328635625000001 0.41642156875 0.12341707500000001 0.42524509843749997 0.1358353765625 0.4330882359375 0.17112949375 0.440931371875 0.1864889703125 0.4453431375 0.248907271875 0.457352940625 0.2717830875 0.460539215625 0.2819138078125 0.4602941171875 0.28975694375 0.45857843125 0.295639296875 0.45392156875000006 0.299560865625 0.4345588234375001 0.3060968140625 0.42107843124999994 0.31328635625 0.3963235296875 0.3201491015625 0.37892156875 0.32570465625 0.3732843140625 0.33779615937499996 0.373039215625 0.3583843953125 0.3767156859375 0.3783190359375 0.382352940625 0.41295955937500006 0.3877450984375 0.42668504843750005 0.39240196093749996 0.43910335 0.3921568625 0.45021446093749995 0.3838235296875 0.4541360296875 0.378431371875 0.47929942812500004 0.3193627453125 0.485508578125 0.29803921562499996 0.4890625 0.29020948125 0.4890625 0.26875
0 0.88828125 0.55234375 0.021875 0.05390625
2 0.54375 0.6453125 0.109375 0.278125
0 0.81328125 0.54453125 0.0484375 0.0734375
0 0.49921875 0.728125 0.0203125 0.040625
1 0.74453125 0.42109375 0.3140625 0.3046875
0 0.72265625 0.6703125 0.08828125 0.03515625
0 0.65234375 0.40390625 0.10703125 0.0296875
0 0.5484375 0.8375 0.10546875 0.1140625
0 0.8109375 0.29296875 0.090625 0.0484375
0 0.865625 0.778125 0.11640625 0.07890625
1 0.7109375 0.78125 0.44375 0.275
0 0.53984375 0.5875 0.05859375 0.02734375
0 0.56015625 0.58671875 0.0484375 0.03515625