2 0.11242897656249999 0 0.0890625 0.146875 0.0734375 0.1484375 0.0203125 0.1296875 0.0078125 0.1328125 0 0.140625 0 0.394516509375 0.051375000000000004 0.41875 0.3335018375 0.41875 0.371875 0.1578125 0.384375 0.115625 0.3921875 0.046875 0.403125 0.01875 0.3892663046875 0 0.11242897656249999 0
0 0.25859375 0.16953125 0.2359375 0.3390625
0 0.1953125 0.3421875 0.175 0.153125
0 0.11875 0.14765625 0.05625 0.196875
0 0.89140625 0.3078125 0.10703125 0.08203125
0 0.628125 0.40546875 0.08125 0.0265625
2 0.5671875 0.14140625 0.05625 0.1078125
1 0.9368271265624999 0.41875 0.9383578437500001 0.41064134062499996 0.9422794124999999 0.375020425 0.94375 0.3505106203125 0.9432598046875 0.3452818625 0.9403186281250001 0.3377655234375 0.934436275 0.3322099671875 0.9329656859375 0.32894199375 0.9388480390625 0.3109681375 0.9410539218749999 0.3001838234375 0.9393382359375 0.2825367640625 0.9368872546875 0.2756740203125 0.92585784375 0.2622753265625 0.9197303921875001 0.25868055624999997 0.9035539218749999 0.2563929734375 0.8734068624999999 0.24953022812499998 0.8508578437500001 0.24037990156250003 0.8109068624999999 0.2318831703125 0.790318628125 0.22371323593749998 0.763602940625 0.2217524515625 0.7435049015625 0.2233864375 0.7150735296875 0.2282883984375 0.684436275 0.24136029374999998 0.6770833328125 0.24920343125 0.6643382359375 0.2580269609375 0.6587009796875 0.2658700984375 0.6486519609375 0.2756740203125 0.64301470625 0.28482434687499997 0.6356617640625 0.2939746734375 0.63125 0.303125 0.6261029406249999 0.31064134062500004 0.617524509375 0.32894199375 0.6067401953125 0.3599877453125 0.5981617640625 0.39299428125 0.5932598046875001 0.4184844765625 0.5931899296875 0.41875 0.9368271265624999 0.41875
1 1 0.0355673484375 0.9979166671874999 0.0364583328125 0.9915441171874999 0.0407067 0.9841911765625 0.04920343125 0.9751225484375 0.056719771875000005 0.9599264703125 0.076981209375 0.9474264703124999 0.09920343125 0.9398284312499999 0.10900735312500001 0.9354166671874999 0.11783088281250001 0.930024509375 0.124693628125 0.926102940625 0.1328635625 0.9192401953125 0.1416870921875 0.9099264703125 0.1583537578125 0.903063725 0.1782883984375 0.9013480390625 0.1978962421875 0.9018382359375 0.21325571875 0.9052696078124999 0.229268790625 0.9099264703125 0.24462826875000002 0.9131127453125 0.2521446078125 0.920710784375 0.2639093140625 0.9349264703125 0.275020425 0.94301470625 0.2877655234375 0.9557598046875 0.294955065625 0.9623774515625 0.303125 0.9765931375000001 0.31717728749999996 0.98982843125 0.3276348046875 0.9954656859375 0.33482434687499996 1 0.33833931875 1 0.0355673484375
0 0.5015625 0.87265625 0.075 0.2546875
2 0.8145833328125001 1 0.8265625 0.98125 0.84375 0.9234375 0.84375 0.8921875 0.7984375 0.8421875 0.79375 0.828125 0.8109375 0.821875 0.8265625 0.80625 0.8484375 0.7703125 0.853125 0.746875 0.85 0.6953125 0.8359375 0.6546875 0.8125 0.6171875 0.7734375 0.5875 0.74375 0.584375 0.73125 0.5875 0.65625 0.6515625 0.5390625 0.7604334671874999 0.5390625 1 0.6381510421875001 1 0.653125 0.984375 0.671875 0.996875 0.6746189031250001 1 0.8145833328125001 1