2 0.46875 0.3796875 0.46875 0 0.2943080359375 0 0.29375 0.0078125 0.28125 0.034375 0.2828125 0.090625 0.2703125 0.1265625 0.265625 0.2609375 0.251975575 0.3796875 0.46875 0.3796875
2 0.46875 0.3796875 0.46875 0 0.2939967109375 0 0.29375 0.009375 0.2828125 0.0296875 0.2828125 0.0921875 0.2703125 0.1328125 0.2671875 0.2625 0.2514877390625 0.3796875 0.46875 0.3796875
0 0.4296875 0.24609375 0.078125 0.2671875
0 0.41484375 0.08828125 0.1078125 0.1765625
0 0.6541015625 0.3796875 0.6390625 0.3453125 0.5890625 0.2765625 0.55625 0.24375 0.55 0.2140625 0.525 0.1671875 0.49375 0.1421875 0.46875 0.1415296046875 0.46875 0.2859375 0.4796875 0.2859375 0.5328125 0.3015625 0.571875 0.3265625 0.6209134609375 0.3796875 0.6541015625 0.3796875
0 0.253125 0.61640625 0.053125 0.113671875
1 0.22578125 0.77421875 0.2734375 0.4515625
2 0.10625 0.4203125 0.2125 0.08125
2 1 1 1 0.48822916718750003 0.9 0.6015625 0.8171875 0.70625 0.790625 0.7296875 0.7421875 0.803125 0.728125 0.840625 0.7421875 0.925 0.7921875 0.9125 0.85625 0.915625 0.88125 0.834375 0.8953125 0.8234375 0.9 0.8765625 0.934375 0.9546875 0.9459665703125001 1 1 1
0 0.97421875 0.546875 0.0515625 0.146875
0 0.84765625 0.9421875 0.1671875 0.115625
0 0.8984375 0.82734375 0.10625 0.1625
0 0.78984375 0.80234375 0.0578125 0.1125