2 0.14096006562500002 0 0.1203125 0.1546875 0.146875 0.2 0.3546139703125 0.2 0.4040257359375 0 0.14096006562500002 0
0 0.2640625 0.1 0.225 0.2
2 0.7411458328125 0 0.6953125 0.0125 0.690625 0.021875 0.675 0.0203125 0.6515625 0.0484375 0.6390625 0.09375 0.6220982140625 0.2 0.9388671875 0.2 0.9359375 0.1984375 0.9046875 0.1953125 0.8953125 0.1890625 0.8859375 0.10625 0.859375 0.053125 0.8359375 0.028125 0.79375 0.0046875 0.75859375 0 0.7411458328125 0
0 0.17510723125 0.8292228343750001 0.1586856625 0.8364123781250001 0.14888174062499998 0.8475234875 0.128538603125 0.858307803125 0.12045036718749999 0.86419015625 0.11285232812499998 0.8769352546875 0.1118719359375 0.8805300265625 0.11260723125000001 0.8844515921875 0.11848958437499998 0.89066074375 0.1275582109375 0.8955627046875 0.149617034375 0.8971966921875 0.16089154375 0.9007914625 0.17192095624999998 0.90634701875 0.1774165109375 0.9078125 0.20016703281249998 0.9078125 0.216773896875 0.9011182609375 0.21873468125 0.8971966921875 0.21285232812500002 0.8851051890625001 0.205989584375 0.8576542078125 0.19520527031249998 0.8331444046875 0.18515625 0.8168045359375 0.183930759375 0.8168045359375 0.1804993875 0.8177849281250001 0.177803309375 0.8207261031249999 0.17510723125 0.8292228343750001
0 0.1859375 0.9875 0.10625 0.025
0 0.378125 0.24765625 0.096484375 0.091796875
0 0.4125 0.48359375 0.10546875 0.10625
1 0.3173674921875 0.2 0.3109068625 0.2024611921875 0.3006127453125 0.210957925 0.2888480390625 0.2184742640625 0.27732843125 0.235467728125 0.26875 0.2580167484375 0.2626225484375 0.2795853765625 0.2587009796875 0.289389296875 0.2533088234375 0.310631128125 0.2484068625 0.3240298203125 0.23811274531249998 0.36553308749999996 0.2295343140625 0.40997753281250005 0.228063725 0.425337009375 0.22879902031250002 0.44755923124999997 0.23125 0.46291870937499996 0.23958333281250002 0.483180146875 0.24914215624999997 0.49755923125 0.2579656859375 0.5044219765625 0.2631127453125 0.510631128125 0.2685049015625 0.5145526953124999 0.2827205875 0.5207618468749999 0.2932598046875 0.5302389703125 0.30772058750000003 0.5364481203125 0.31899509843749996 0.5472324343749999 0.3349264703125 0.5544219765625 0.344975490625 0.56487949375 0.3591911765625 0.5717422390625 0.36605392187499997 0.57893178125 0.3935049015625 0.5897160953125 0.40330882343749996 0.5910232843750001 0.41335784374999995 0.584814134375 0.41703431406249997 0.5802389703124999 0.419975490625 0.5740298203125 0.4268382359375 0.565206290625 0.4359068625 0.5491932187499999 0.44325980468750004 0.53350694375 0.4584558828125 0.48971609531250004 0.46458333281249997 0.4596507359375 0.465563725 0.4423304734375 0.462132353125 0.42991217343749993 0.4599264703125 0.42631740156250003 0.44448529375 0.41651347968749997 0.4337009796875 0.40638276093750003 0.4243872546875 0.4014808 0.4118872546875 0.3900428921875 0.394975490625 0.380892565625 0.3915441171875 0.3766442 0.38982843125 0.3688010625 0.38982843125 0.3563827609375 0.3927696078125 0.346578840625 0.39791666718749996 0.33579452656250003 0.402818628125 0.31520629062500005 0.408210784375 0.301154003125 0.415563725 0.276970996875 0.41801470625 0.2557291671875 0.4131127453125 0.23742851250000002 0.405024509375 0.22272263125 0.392524509375 0.206709559375 0.38737745156250003 0.20213439531250002 0.38379471718749997 0.2 0.3173674921875 0.2
1 0 1 0.23237750468749999 1 0.23125 0.9854677281249999 0.2236519609375 0.9416768796875001 0.222181371875 0.937101715625 0.21433823593749998 0.925337009375 0.205024509375 0.9207618468749998 0.203553921875 0.9181474671875 0.20477941249999998 0.9138991015624999 0.2131127453125 0.9103043296875001 0.21875 0.9054023687499999 0.2212009796875 0.9014808000000001 0.2209558828125 0.8978860296875 0.2118872546875 0.8874285125 0.1952205875 0.83350694375 0.186397059375 0.8103043296875001 0.1775735296875 0.7978860296875 0.17414215625 0.7962520421875 0.1501225484375 0.8054023687499999 0.127818628125 0.8119383171875001 0.115318628125 0.8188010625000001 0.0922794125 0.8282781859374999 0.0807598046875 0.8361213234375 0.0537990203125 0.8459252453125 0.04375 0.8521343953125001 0.022671568750000003 0.8606311281250001 0.011397059375 0.8694546562500001 0 0.8759316734375 0 1
0 0.76484375 0.528125 0.1875 0.2375
0 0.971875 0.6609375 0.05625 0.309375