2 0 0.61875 0.09474431875 0.61875 0.10625 0.534375 0.109375 0.39375 0.1375 0.0625 0.1234375 0.040625 0.084375 0.021875 0.0171875 0.00625 0 0.005625 0 0.61875
0 0.09296875 0.1875 0.0546875 0.23125
0 0.0546875 0.49453125 0.109375 0.2484375
2 0.6768465906250001 0 0.6671875 0.0125 0.653125 0.05 0.6328125 0.4671875 0.66875 0.540625 0.70625 0.578125 0.74375 0.590625 0.815625 0.590625 0.828125 0.5875 0.8671875 0.553125 0.89375 0.515625 0.9125 0.4546875 0.9171875 0.3859375 0.990625 0.39375 1 0.3792613640625 1 0.137088815625 0.884375 0.121875 0.871875 0.0484375 0.8403906250000001 0 0.6768465906250001 0
0 0.72109375 0.259375 0.0390625 0.23046875
0 0.85078125 0.353125 0.1140625 0.275
0 0.74609375 0.0265625 0.0421875 0.053125
0 0.85234375 0.09453125 0.0671875 0.175
2 0.359375 0.7087053578125 0.35625 0.6984375 0.3390625 0.7078125 0.3296875 0.70625 0.2875 0.6390625 0.275 0.6265625 0.2625 0.6234375 0.096875 0.7546875 0.025 0.8203125 0 0.8385416671874999 0 1 0.24985465156250003 1 0.2375 0.946875 0.2375 0.9234375 0.359375 0.8335546875000001 0.359375 0.7087053578125
2 0.5765625 0.61875 0.5765625 0.6546875 0.584375 0.7078125 0.5796875 0.7328125 0.5140625 0.74375 0.446875 0.7640625 0.4390625 0.771875 0.4375 0.9046875 0.44822265625 1 0.7670516296875001 1 0.7953125 0.99375 0.8875 0.9796875 0.9375 0.9625 0.9296875 0.809375 0.9203125 0.728125 0.9078125 0.68125 0.890625 0.6765625 0.765625 0.69375 0.7526620375 0.61875 0.5765625 0.61875
0 0.6625 0.68359375 0.096875 0.1296875