0 0.6140625 0.42890625 0.034375 0.0203125
0 0.5140625 0.628125 0.075 0.109375
0 0.6671875 0.7 0.055859375 0.074609375
0 0.73046875 0.7921875 0.046875 0.109765625
0 0.6828125 0.8625 0.0796875 0.1328125
0 0.44921875 0.70546875 0.0390625 0.0546875
2 0.5078750000000001 0.7252291671875 0.5193749999999999 0.7398958328124999 0.524125 0.7442291671875 0.5313749999999999 0.7552291671875 0.5363749999999999 0.7598958328125001 0.5573750000000001 0.7875624999999999 0.5746249999999999 0.8062291671875 0.5806250000000001 0.8148958328125 0.586875 0.8205625000000001 0.5936250000000001 0.8305624999999999 0.627375 0.8705625000000001 0.631625 0.8772291671874999 0.637875 0.8828958328125001 0.6448750000000001 0.8925625 0.649875 0.8965624999999999 0.657875 0.9075624999999998 0.6686249999999999 0.9182291671874999 0.6748749999999999 0.9215625 0.687375 0.9215625 0.7016249999999999 0.9145625 0.729875 0.8888958328125 0.745625 0.8642291671875 0.752125 0.8478958328124999 0.750375 0.8322291671875 0.7368750000000001 0.7995625000000001 0.7373749999999999 0.7962291671875 0.748625 0.7868958328125 0.749375 0.7825625 0.748125 0.7735625 0.741125 0.7615624999999999 0.733125 0.7525625 0.719125 0.7318958328124999 0.6921250000000001 0.6972291671875 0.6921250000000001 0.6855625 0.693125 0.6822291671875 0.7016249999999999 0.6718958328125 0.708125 0.6595625 0.715625 0.6495625 0.724625 0.6332291671875 0.728125 0.6218958328124999 0.727875 0.6108958328125 0.726625 0.6062291671875 0.713375 0.5835625 0.7073750000000001 0.5775625 0.7006249999999999 0.5672291671874999 0.694625 0.5625625000000001 0.687875 0.5542291671874999 0.680375 0.5492291671875 0.6748749999999999 0.5425625000000001 0.657125 0.5328958328125 0.649125 0.5315624999999999 0.645875 0.5328958328125 0.634875 0.5425625000000001 0.626125 0.5572291671875 0.617375 0.5662291671874999 0.612125 0.5758958328125 0.607375 0.5782291671875 0.598625 0.5785625 0.581375 0.5595625 0.563875 0.5265625 0.549125 0.5048958328125 0.544875 0.5018958328124999 0.536625 0.4998958328125 0.5311250000000001 0.5022291671875 0.524375 0.5115624999999999 0.518625 0.5172291671875 0.45512499999999995 0.6072291671875 0.444125 0.6262291671875 0.441375 0.6328958328125001 0.441625 0.6378958328125 0.444125 0.6462291671875 0.467375 0.6748958328125 0.473375 0.6805625 0.48012499999999997 0.6902291671875 0.48612500000000003 0.6955625 0.5078750000000001 0.7252291671875
0 0.4296875 0.72878561875 0.433125 0.7292291671875001 0.456875 0.7295624999999999 0.45787500000000003 0.7268958328125 0.45862499999999995 0.7192291671875 0.456875 0.7088958328125 0.45187499999999997 0.7105625 0.446125 0.7105625 0.43987499999999996 0.7035625 0.4296875 0.70008769375 0.4296875 0.72878561875
0 0.544625 0.6645625 0.545875 0.6602291671875 0.542125 0.6542291671875 0.5393749999999999 0.6438958328125001 0.530375 0.6328958328125001 0.524625 0.6195625 0.519625 0.6135625 0.512625 0.5952291671875 0.509875 0.5918958328125 0.502625 0.5868958328125 0.496875 0.5765625 0.49387499999999995 0.5752291671875 0.487375 0.5798958328125 0.487375 0.5835625 0.49012500000000003 0.5872291671875 0.492625 0.5965625 0.49837499999999996 0.6042291671875 0.500625 0.6098958328124999 0.505875 0.6182291671875 0.514625 0.6275625 0.5193749999999999 0.6408958328125001 0.528625 0.6532291671875 0.531875 0.6602291671875 0.5363749999999999 0.6632291671875 0.544625 0.6645625
0 0.6049296875 0.41875 0.604875 0.4188958328125 0.605375 0.4295625 0.608375 0.43422916718750004 0.612625 0.4348958328125 0.6248750000000001 0.4218958328125 0.6255631515625 0.41875 0.6049296875 0.41875
0 0.701125 0.8795625000000001 0.6988749999999999 0.8785624999999999 0.693875 0.8705625000000001 0.686875 0.8628958328125 0.682625 0.8525625 0.674625 0.8398958328125001 0.666375 0.8238958328125001 0.658125 0.8122291671875 0.654125 0.8025625 0.647375 0.7938958328125001 0.6453749999999999 0.7958958328125 0.645625 0.7985625000000001 0.669875 0.8508958328125 0.678875 0.8662291671875 0.689625 0.8892291671875 0.6983750000000001 0.9022291671874999 0.700875 0.9082291671875 0.705375 0.9088958328124999 0.7073750000000001 0.9078958328125001 0.7106250000000001 0.9032291671875001 0.711125 0.9005625 0.705375 0.8868958328125001 0.701125 0.8795625000000001
0 0.7248749999999999 0.7438958328125 0.721375 0.7432291671875 0.717625 0.7448958328125 0.716125 0.7472291671875 0.7226250000000001 0.7842291671874999 0.724625 0.7902291671875 0.7378750000000001 0.8118958328125 0.740375 0.8078958328125001 0.742375 0.7968958328125 0.7461249999999999 0.7875624999999999 0.7466250000000001 0.7835625 0.745625 0.7782291671875 0.738375 0.7605625 0.731625 0.7545624999999999 0.7248749999999999 0.7438958328125