2 0.215625 0 0.1796875 0.003125 0.128125 0.015625 0.096875 0.03125 0.08125 0.046875 0.078125 0.0875 0.0921875 0.2671875 0.0921875 0.3421875 0.078125 0.3828125 0.0203125 0.4859375 0.0139508921875 0.5 0.4057021109375 0.5 0.4203125 0.425 0.4125 0.390625 0.4328125 0.31875 0.4359375 0.26875 0.4171875 0.203125 0.3640625 0.13125 0.359375 0.0296875 0.346875 0.015625 0.3140625 0.0015625 0.2932291671875 0 0.215625 0
0 0.08203125 0.44140625 0.1546875 0.1171875
0 0.3890625 0.25625 0.071875 0.09375
0 0.37734375 0.440625 0.0484375 0.11875
0 0.95625 0.46953125 0.0875 0.0609375
0 0.93828125 0.35703125 0.0578125 0.1125
2 0.18266194687499998 0.5 0.109375 0.8390625 0.084375 0.9734375 0.0835181453125 1 0.4303308828125 1 0.43125 0.996875 0.4453125 0.85625 0.4625 0.853125 0.55 0.8739583328125 0.55 0.5282044484374999 0.5 0.5171875 0.4953125 0.509375 0.4966296484375 0.5 0.18266194687499998 0.5
0 0.3109375 0.62109375 0.228125 0.2421875
2 0.55 0.5 0.55 0.9258928578125001 0.5625 0.93125 0.6046875 0.9265625 0.6453125 0.8984375 0.6765625 0.8359375 0.684375 0.83125 0.815625 0.8484375 0.8796875 0.865625 0.9078125 0.859375 0.921875 0.7484375 0.9234375 0.5921875 0.915625 0.5296875 0.64375 0.5078125 0.6046875 0.5 0.55 0.5
0 0.5875 0.67890625 0.075 0.1984375
0 0.8296875 0.77265625 0.184375 0.225
0 0.653125 0.55546875 0.1875 0.1