2 0 0.659375 0.5891469593750001 0.659375 0.5921875 0.6546875 0.6078125 0.603125 0.6125 0.5109375 0.6046875 0.45625 0.5765625 0.4421875 0.5796875 0.4171875 0.5390625 0.3640625 0.5125 0.3546875 0.43125 0.3546875 0 0.35730908125 0 0.659375
0 0.06875 0.46875 0.1375 0.209375
0 0.328125 0.6125 0.14375 0.09375
0 0.53203125 0.5109375 0.1609375 0.225
2 0.651116071875 0 0.6734375 0.075 0.671875 0.0984375 0.684375 0.1140625 0.65 0.112740384375 0.65 0.2421875 0.68125 0.2625 0.678125 0.278125 0.65 0.30625 0.65 0.45218749999999996 0.6546875 0.4640625 0.6921875 0.51875 0.721875 0.5484375 0.759375 0.56875 0.7796875 0.5703125 0.8125 0.5453125 0.83125 0.515625 0.884375 0.4578125 0.8984375 0.45625 0.9171875 0.4890625 0.940625 0.4984375 1 0.549207428125 1 0.108984375 0.8546875 0 0.651116071875 0
0 0.75625 0.121875 0.2125 0.24375
0 0.946875 0.475 0.10625 0.1375
0 0.3984375 0.890625 0.209375 0.21875
0 0.04921875 0.8296875 0.0984375 0.340625
0 0.5234375 0.9484375 0.5078125 0.90625 0.4859375 0.9015625 0.3828125 0.8421875 0.35 0.828125 0.334375 0.828125 0.3296875 0.8375 0.371875 0.8875 0.4203125 0.9109375 0.4859375 0.9578125 0.5015625 0.975 0.5078125 0.99375 0.5140625 0.99375 0.528125 0.9765625 0.5328125 0.9578125 0.5234375 0.9484375
2 1 0.659375 0.65 0.659375 0.65 0.8175625 0.6671875 0.803125 0.696875 0.7625 0.7171875 0.75625 0.8453125 0.85 0.8875 0.8578125 0.9171875 0.85 0.934375 0.834375 0.984375 0.7640625 1 0.732233796875 1 0.659375