0 0.209375 0.2640625 0.209375 0.23046875
0 0.334375 0.315625 0.31875 0.2734375 0.296875 0.26875 0.19375 0.209375 0.1609375 0.1953125 0.1453125 0.1953125 0.140625 0.2046875 0.1828125 0.2546875 0.23125 0.278125 0.296875 0.325 0.3125 0.3421875 0.31875 0.3609375 0.325 0.3609375 0.3390625 0.34375 0.34375 0.325 0.334375 0.315625
2 0.4546875 0.18203125 0.109375 0.3640625
0 0.5390625 0.475 0.0875 0.0875
0 0.80859375 0.31015625 0.1140625 0.07421875
0 0.421875 0.1890625 0.04375 0.071875
1 0.8373651953125 0.51875 0.837806371875 0.5185049015625001 0.84295343125 0.5103349671874999 0.8485906859375 0.48876634062499996 0.8532475484375001 0.4619689546875 0.86329656875 0.3609885625 0.8623161765624999 0.3485702609375 0.8559436281250001 0.3266748359375 0.856188725 0.3224264703125 0.8608455875000001 0.31033496718750003 0.861335784375 0.3037990203125 0.8598651953124999 0.2890931375 0.8556985296875 0.277001634375 0.8505514703125 0.2698120921875 0.8463848046875 0.266870915625 0.8387867640625 0.2678513078125 0.8294730390625 0.2671977125 0.810600490625 0.26327614375 0.7870710781250001 0.26033496718750004 0.7052083328125001 0.2443218953125 0.687806371875 0.24399509843749997 0.6655024515625 0.24758986875 0.6397671562499999 0.255106209375 0.6066789218749999 0.269158496875 0.5990808828125 0.27667483593750003 0.5870710781249999 0.285498365625 0.5814338234375 0.293341503125 0.5708946078125 0.302818628125 0.5669730390625001 0.309354575 0.558149509375 0.3201388890625 0.5549632359375 0.327001634375 0.548835784375 0.33517156875 0.544914215625 0.3443218953125 0.5400122546875 0.3521650328125 0.53045343125 0.3743872546875 0.525306371875 0.39399509843749997 0.5213848046875 0.40412581718749996 0.5108455875 0.4466094765625 0.49761029375000004 0.5100081703125 0.4949598453125 0.51875 0.7169376890625 0.51875 0.720649509375 0.5126225484375 0.7240808828125 0.5100081703125 0.7353553921875 0.5100081703125 0.7964415953125 0.51875 0.8373651953125 0.51875
1 1 0.058292484374999995 0.99761029375 0.055106209375000006 0.989522059375 0.051184640625 0.9860906859374999 0.0521650328125 0.9816789218749999 0.0567401953125 0.9689338234375 0.06491013125 0.9674632359374999 0.0642565359375 0.9647671562500001 0.0600081703125 0.9615808828125001 0.0381127453125 0.9591299015625001 0.035498365625 0.9498161765625 0.034844771875 0.9412377453125 0.0381127453125 0.936335784375 0.043341503125 0.9233455875000001 0.05085784375 0.9174632359375 0.059027778125 0.910600490625 0.06491013125 0.8931985296875 0.0920343140625 0.8802083328125001 0.1145833328125 0.87579656875 0.1201388890625 0.8713848046875 0.1286356203125 0.8650122546875 0.13615196093749998 0.8598651953124999 0.1462826796875 0.8544730390625 0.1524918296875 0.8503063718749999 0.1619689546875 0.8451593140625 0.16981209218749999 0.837561275 0.189419934375 0.83511029375 0.20543300625 0.8358455875 0.219158496875 0.8385416671874999 0.23811274531249998 0.8424632359374999 0.25608660156249996 0.8451593140625 0.26196895468750003 0.8579044124999999 0.28059640468749997 0.8708946078124999 0.29301470625000003 0.886335784375 0.30314542499999997 0.8958946078124999 0.3126225484375 0.9069240203125 0.3198120921875 0.916727940625 0.32896241875 0.9275122546875 0.3361519609375 0.937071078125 0.3459558828125 0.946875 0.35249182968750004 0.956188725 0.361315359375 0.9708946078124999 0.3717728765625 0.9787377453125 0.375367646875 0.9816789218749999 0.375367646875 0.9902573531249999 0.37275326875000003 1 0.36773039218750003 1 0.058292484374999995
2 0.42466856093749994 0.51875 0.4140625 0.56875 0.4140625 0.646875 0.421875 0.6734375 0.45 0.715625 0.528125 0.7984375 0.6546875 0.9671875 0.6847192796874999 1 1 1 1 0.51875 0.9456896546875001 0.51875 0.85 0.55625 0.8296875 0.5546875 0.806189903125 0.51875 0.42466856093749994 0.51875
0 0.5453125 0.54609375 0.1625 0.0546875
0 0.7359375 0.9109375 0.13125 0.178125