0 0.184375 0.02109375 0.346875 0.0421875
2 0.7328125 0.27421875 0.275 0.3109375
0 0.65 0.015625 0.03125 0.03125
1 0.6421875 0.046875 0.10625 0.09375
0 0.69296875 0.34765625 0.06484375 0.1203125
0 0.825 0.275 0.08828125 0.09140625
2 0.5890625 1 0.5890625 0.4296875 0.3642045453125 0.4296875 0.3578125 0.6265625 0.35 0.6828125 0.353125 0.7453125 0.3421875 0.8546875 0.34006615 1 0.5890625 1
0 0.509375 0.61171875 0.159375 0.3640625
0 0.47109375 0.875 0.2296875 0.25
0 0.3609375 0.71875 0.015625 0.2625
0 0.98359375 0.8890625 0.0328125 0.221875