0 0.41953125 0.37734375 0.0609375 0.0640625
0 0.33359375 0.37734375 0.0578125 0.0640625
2 0.45 0 0.45 0.2856164390625 0.5140625 0.2671875 0.521875 0.28125 0.5390625 0.3609375 0.571875 0.378125 0.625 0.3765625 0.675 0.35 0.7046875 0.315625 0.709375 0.2984375 0.7078125 0.284375 0.6984375 0.275 0.696875 0.215625 0.70625 0.2078125 0.81875 0.171875 0.8328125 0.1625 0.8359375 0.153125 0.8375 0.096875 0.821875 0.015625 0.815719696875 0 0.45 0
1 0 1 0.1294328046875 1 0.1291551765625 0.9947559234375 0.122047334375 0.9411611515625001 0.11665517656249999 0.9202461203125001 0.11444929374999999 0.9055402375 0.111998315625 0.8970435046875 0.10930223593749999 0.8924683421874999 0.1058708625 0.8905075578125 0.09410615781250001 0.8885467734375 0.09361596250000001 0.8748212828125 0.098517921875 0.8610957921875 0.098272825 0.85390625 0.0933708625 0.84148795 0.0904296875 0.8369127859375001 0.08234145312499999 0.832010825 0.077439490625 0.8313572312499999 0.0700865484375 0.832010825 0.061263020312500006 0.8346252046875 0.0480277265625 0.841814746875 0.013959099999999999 0.8535794531249999 0.0041551765625 0.8604421984374999 0 0.8619120562500001 0 1
1 0.1483235671875 0.409375 0.1430300234375 0.4267105796875 0.13739276875 0.45089358593749995 0.13420649375 0.46723345624999996 0.1332261015625 0.48259293281249993 0.1334712015625 0.5008935859375 0.13543198437499998 0.51723345625 0.140333946875 0.5345537171875 0.14376531875 0.54207005625 0.155775121875 0.558083128125 0.1744025734375 0.5727890109375 0.1969515921875 0.5829197296874999 0.20847120000000002 0.5910896640625001 0.22930453437499998 0.6005667890625 0.2386182609375 0.607429534375 0.25945159218749997 0.617560253125 0.2714613984375 0.6250765921875 0.2913813578125 0.6328125 0.305321309375 0.6328125 0.30675551562500003 0.6322661359375 0.30945159218749996 0.6289981609374999 0.3185202203125 0.6064491421875 0.337147671875 0.5499131937499999 0.3506280625 0.495991625 0.353125 0.4887782515625 0.353125 0.47872243125 0.35136335625 0.4705014296875 0.3486672796875 0.4665798609375 0.3295496328125 0.45775633125 0.314598653125 0.447952409375 0.2910692390625 0.43749489375 0.286902571875 0.43422692031250004 0.285431984375 0.4244229984375 0.285431984375 0.4169066578125 0.288603209375 0.409375 0.1483235671875 0.409375
0 0.053125 0.89453125 0.09140625 0.0484375
0 0.30859375 0.54921875 0.0640625 0.090625
0 0.3390625 0.46484375 0.065625 0.065625
0 0.14765625 0.48671875 0.0453125 0.06953125
2 0.45 0.409375 0.45 0.9529965749999999 0.45625 0.95625 0.490625 0.971875 0.5828125 0.990625 0.6296875 0.978125 0.625 0.95625 0.5984375 0.9296875 0.6390625 0.91875 0.6578125 0.89375 0.6734375 0.840625 0.6875 0.7 0.7046875 0.696875 0.803125 0.7203125 0.81875 0.71875 0.8234375 0.7125 0.84375 0.6015625 0.8541787796874999 0.409375 0.45 0.409375
0 0.55859375 0.49765625 0.2171875 0.1765625