0 0.0328125 0.975 0.065625 0.05
0 0.2828125 0.58046875 0.1421875 0.04296875
0 0.090625 0.5296875 0.071875 0.021875
1 0.0333112609375 0.51875 0.033200571875 0.519056371875 0.031239787499999998 0.5303308828125 0.0322201796875 0.542585784375 0.0377757359375 0.5572916671875 0.0459456703125 0.5712622546875 0.059671159375000005 0.584007353125 0.0760110296875 0.591850490625 0.08516135625 0.5974877453125 0.10346200937500001 0.6028799015625 0.12208946093749999 0.6112132359375 0.14137050625 0.6166053921875 0.153462009375 0.6232230390625 0.17764501562499999 0.6305759796875 0.18516135625000002 0.634742646875 0.2064031859375 0.641850490625 0.2198018796875 0.6484681375 0.247252859375 0.6545955875 0.2639195265625 0.6568014703125 0.2763378265625 0.653125 0.28581495156250003 0.6474877453125 0.30313521250000003 0.6327818625 0.3165339046875 0.6185661765625 0.3312397875 0.59773284375 0.34300449375 0.5776348046875001 0.3501940359375 0.5570465687499999 0.3518280234375 0.5423406859375 0.348886846875 0.533272059375 0.343331290625 0.5278799015625 0.32608592187499996 0.51875 0.0333112609375 0.51875
1 0.7 0.890625 0.3625 0.21875
2 0.6296875 0.596875 0.221875 0.15625
2 0.91953125 0.74921875 0.1609375 0.2609375
0 0.9109375 0.53515625 0.040625 0.0328125
0 0.68671875 0.98359375 0.0578125 0.0328125
0 0.85078125 0.98671875 0.0265625 0.0265625
0 0.55703125 0.85234375 0.0765625 0.0296875
0 0.78828125 0.8296875 0.1375 0.05546875
1 0.86953125 0.55859375 0.2046875 0.0796875
0 0.9625 0.7890625 0.075 0.090625
0 0.7125 0.56484375 0.046875 0.05390625
0 0.64375 0.56328125 0.06640625 0.04921875
0 0.7828125 0.965625 0.046875 0.06875