2 0 0.5 0.2 0.5 0.2 0.4265625 0.2109375 0.3875 0.2140625 0.3234375 0.2109375 0.115625 0.190625 0.0921875 0.1515625 0.075 0.046875 0.0671875 0 0.07734375 0 0.5
0 0.128125 0.28125 0.25625 0.4375
0 0.1015625 0.31875 0.2 0.3625
0 0.065625 0.11953125 0.09375 0.096875
0 0.92578125 0.1203125 0.1484375 0.240625
0 0.8875 0.44140625 0.225 0.1171875
0 0.9848958328125 0.5 0.984375 0.4796875 0.975 0.4375 0.9578125 0.40625 0.946875 0.421875 0.94375 0.4609375 0.93125 0.4828125 0.930022321875 0.5 0.9848958328125 0.5
0 0.9125 0.0359375 0.896875 0.0765625 0.871875 0.1828125 0.871875 0.2140625 0.88125 0.209375 0.9078125 0.2140625 0.9359375 0.209375 0.9515625 0.1984375 0.95625 0.1875 0.9546875 0.11875 0.9671875 0.05625 0.9546875 0.0203125 0.93125 0.0171875 0.9125 0.0359375
2 0.4390625 1 0.757489809375 1 0.6890625 0.6015625 0.675 0.56875 0.6546875 0.5421875 0.6203125 0.5328125 0.5578125 0.571875 0.5546875 0.5953125 0.559375 0.6078125 0.584375 0.609375 0.5984375 0.628125 0.596875 0.646875 0.575 0.6671875 0.5578125 0.665625 0.5375 0.6453125 0.51875 0.58125 0.484375 0.546875 0.4484375 0.559375 0.4390625 0.565625 0.4390625 1
0 0.509375 0.93984375 0.075 0.1203125
0 0.675 0.95390625 0.209375 0.0921875
0 0.53515625 0.64296875 0.1328125 0.2359375
0 0.70859375 0.78671875 0.0453125 0.39375