0 0.43984375 0.1703125 0.0953125 0.178125
0 0.621875 0.11640625 0.05625 0.159375
0 0.58046875 0.340625 0.0921875 0.078125
0 0.615625 0.0453125 0.603125 0.0453125 0.596875 0.053125 0.603125 0.0640625 0.6046875 0.1125 0.621875 0.178125 0.6265625 0.1796875 0.634375 0.16875 0.634375 0.128125 0.625 0.0921875 0.625 0.053125 0.615625 0.0453125
0 0.4453125 0.228125 0.459375 0.2359375 0.4375 0.09375 0.4265625 0.08125 0.4234375 0.103125 0.4296875 0.1671875 0.4453125 0.228125
2 0.709375 0 0.709375 0.3796875 0.8850142046875 0.3796875 0.8890625 0.3203125 0.9625 0.328125 0.9796875 0.3015625 0.9921875 0.2359375 0.9921875 0.115625 0.9859375 0.0859375 0.975 0.071875 0.85625 0.05625 0.8466755312500001 0 0.709375 0
0 0.82265625 0.26484375 0.1140625 0.2296875
0 0.82421875 0.0578125 0.0671875 0.115625
0 0.35625 0.69296875 0.062890625 0.115625
0 0.30703125 0.46796875 0.078125 0.110546875
1 0.315058209375 0.5708690765625001 0.317509190625 0.564986721875 0.32412683750000004 0.556489990625 0.3282935046875 0.5391697296875 0.333930759375 0.5270782281249999 0.3371170328125 0.51171875 0.3415287984375 0.49995404218750006 0.3434895828125 0.4914573125 0.34397977812499997 0.4711958734375 0.3415287984375 0.46204554687500005 0.3390778171875 0.45779717968749994 0.3341758578125 0.45158803125 0.3270680140625 0.43786253906250006 0.31726409218749996 0.42838541562500004 0.3138327203125 0.42086907656249994 0.304273896875 0.4179278984375 0.28981311249999997 0.4179278984375 0.2677542890625 0.41858149375 0.2554993859375 0.4211958734375 0.24594056250000002 0.4290390109375 0.22461703281249998 0.43786253906250006 0.21260722968749998 0.45452920625 0.20598958281250002 0.47086907499999997 0.2040287984375 0.4816533890625 0.19839154375 0.493418096875 0.193244484375 0.513679534375 0.1883425234375 0.52413705 0.183930759375 0.545052084375 0.1782935046875 0.5584507750000001 0.17388173906249998 0.577405025 0.17020526875 0.5878625390625001 0.1606464453125 0.6381893390625001 0.16040134687500002 0.6587775734375001 0.163587621875 0.6747906453125 0.1672640921875 0.686882146875 0.1778033078125 0.708450775 0.18270526874999998 0.7143331296875 0.192509190625 0.7215226703125 0.198636640625 0.7290390125 0.21383272031249997 0.7375357421875 0.2243719359375 0.747012865625 0.24103860156249998 0.7548560046875 0.2513327203125 0.7643331296875 0.2665287984375 0.7715226718749999 0.2746170328125 0.7796926046875 0.29054840625 0.7888429312499999 0.29961703281249996 0.797012865625 0.3211856609375 0.8068167890625 0.33147977812499996 0.8087775718749999 0.342509190625 0.79995404375 0.356479778125 0.7813265921875 0.36432291562499997 0.7682546968749999 0.3738817390625 0.7483200562500001 0.3824601703125 0.7260978359375001 0.38834252343750003 0.707470384375 0.39397977812499996 0.6790390125 0.3953125 0.6589001124999999 0.3953125 0.6563143375 0.391773896875 0.6434180953124999 0.38736213125 0.6378625390625 0.3751072296875 0.6293658078125001 0.36775428906249996 0.6221762671875 0.34790134687499996 0.610411559375 0.33834252343750004 0.6019148281250001 0.3211856609375 0.5930912984375001 0.31726409218749996 0.5881893390625 0.3148131125 0.5757710359375 0.315058209375 0.5708690765625001
0 0.9890625 0.8265625 0.015625 0.2625