2 0.509375 0 0.509375 0.41875 0.565815034375 0.41875 0.571875 0.4078125 0.5859375 0.4078125 0.596875 0.41875 0.8085209625 0.41875 0.8765625 0.2265625 0.8796875 0.1984375 0.8734375 0.1828125 0.6023706890625 0 0.509375 0
0 0.58046875 0.07890625 0.1421875 0.1578125
0 0.0890625 0.8984375 0.03125 0.034375
0 0.12578125 0.99140625 0.0234375 0.0171875
0 0.10234375 0.61171875 0.040625 0.0484375
0 0.0171875 0.8890625 0.034375 0.0375
0 0.1828125 0.875 0.034375 0.02890625
0 0.31796875 0.75859375 0.08203125 0.0796875
0 0.08671875 0.96015625 0.0234375 0.0796875
0 0.28203125 0.5640625 0.0375 0.07109375
2 0.10703125 0.8890625 0.2140625 0.221875
0 0.1296875 0.55234375 0.046875 0.0390625
2 0.21875 0.6953125 0.30546875 0.3703125
2 0.509375 1 0.781211890625 1 0.771875 0.9890625 0.69375 0.8703125 0.509375 0.6173328484375 0.509375 1