2 0.4390625 0.5890625 0.4390625 0.2709058546875 0.2328125 0.3796875 0.20625 0.4625 0.2109375 0.54375 0.2255544359375 0.5890625 0.4390625 0.5890625
0 0.3359375 0.475 0.20625 0.228125
0 0.8796875 0.24375 0.240625 0.4875
0 1 0.20577256875 0.9734375 0.2109375 0.940625 0.2078125 0.93125 0.2359375 0.93125 0.31875 0.984375 0.328125 1 0.327516234375 1 0.20577256875
0 0.90625 0.3015625 0.8875 0.2953125 0.7828125 0.303125 0.7640625 0.29375 0.7109375 0.290625 0.709375 0.296875 0.73125 0.3125 0.746875 0.334375 0.8609375 0.3828125 0.890625 0.378125 0.9015625 0.3828125 0.90625 0.35625 0.9 0.34375 0.9140625 0.325 0.9421875 0.321875 0.9375 0.3140625 0.9140625 0.3140625 0.90625 0.3015625
2 0.4390625 1 0.4390625 0.9426122578125 0.3625 0.84375 0.35 0.81875 0.3359375 0.809375 0.328125 0.790625 0.3125 0.7828125 0.2796875 0.78125 0.2328125 0.7984375 0.215625 0.81875 0.225 0.925 0.221875 0.9546875 0.2015625 0.95625 0.1875 0.9453125 0.1734375 0.94375 0.153125 0.9703125 0.159375 1 0.4390625 1
0 0.2546875 0.90234375 0.184375 0.1953125
0 0.3296875 0.84609375 0.06875 0.13125
2 0.4390625 0.9405671296874999 0.4921875 0.9484375 0.5890625 0.953125 0.596875 0.94375 0.61875 0.8203125 0.6296875 0.7875 0.6453125 0.684375 0.6359375 0.671875 0.590625 0.65625 0.4921875 0.646875 0.46875 0.6546875 0.45625 0.690625 0.4390625 0.693310546875 0.4390625 0.9405671296874999
2 0.9142857140625 1 0.934375 0.984375 0.940625 0.96875 0.9015625 0.9203125 0.9 0.9109375 0.9578125 0.878125 0.965625 0.8703125 0.965625 0.8546875 0.946875 0.8203125 0.9203125 0.7953125 0.896875 0.78125 0.871875 0.7765625 0.6 0.9140625 0.5953125 0.9296875 0.603125 0.9453125 0.64375 0.9890625 0.6584735578125 1 0.7622656250000001 1 0.765625 0.9984375 0.775 1 0.9142857140625 1
1 1 0.6418619796875 0.9890625 0.646875 0.965625 0.6671875 0.95 0.6890625 0.9421875 0.715625 0.9421875 0.7546875 0.9578125 0.8109375 1 0.8086570953125 1 0.6418619796875