2 0.5109375 0.5296875 0.5109375 0.503125 0.553125 0.4359375 0.5578125 0.359375 0.54375 0.3125 0.51875 0.2703125 0.51875 0.096875 0.503125 0.0484375 0.46875 0.03125 0.425 0.028125 0.4140625 0.034375 0.409375 0.053125 0.3984375 0.0609375 0.340625 0.0578125 0.2984375 0.0484375 0.2859375 0.0203125 0.2671875 0.015625 0.24375 0.025 0.2234375 0.0453125 0.225 0.0859375 0.209375 0.1328125 0.2140625 0.165625 0.209375 0.2203125 0.2125 0.31875 0.20376691875000003 0.5296875 0.5109375 0.5296875
0 0.309375 0.1734375 0.06875 0.23671875
0 0.41328125 0.42578125 0.1453125 0.2078125
0 0.36015625 0.05390625 0.2296875 0.1078125
2 1 0.1180423625 0.6265625 0.1203125 0.61875 0.1216145828125 0.61875 0.5296875 0.8713541671874999 0.5296875 0.8890625 0.5265625 1 0.5203993062500001 1 0.1180423625
0 0.7328125 0.23125 0.228125 0.209375
0 0.64453125 0.3859375 0.0515625 0.075
0 0.9828125 0.37890625 0.034375 0.1015625
2 0.1321068546875 0.5296875 0.0515625 0.609375 0.015625 0.653125 0.0140625 0.690625 0.04375 0.775 0.0921875 0.834375 0.15625 0.8890625 0.1703125 0.8828125 0.1921875 0.859375 0.2375 0.784375 0.26875 0.746875 0.2828125 0.746875 0.34375 0.8125 0.3625 0.821875 0.4015625 0.7890625 0.45 0.703125 0.4609375 0.66875 0.459375 0.65 0.4078125 0.58125 0.4438244046875 0.5296875 0.1321068546875 0.5296875
0 0.22734375 0.71953125 0.134375 0.265625
2 1 1 1 0.6498475609375001 0.91875 0.728125 0.884375 0.7265625 0.825 0.7015625 0.8203125 0.6875 0.809375 0.6796875 0.7703125 0.675 0.7390625 0.6796875 0.6984375 0.696875 0.6765625 0.7109375 0.65625 0.7375 0.6609375 0.8109375 0.65625 0.8890625 0.6734375 0.9671875 0.6391335234375 1 1 1