0 0.12578125 0.28515625 0.2484375 0.05
2 0.5296875 0 0.078125 0 0.0609375 0.00625 0 0.017131696874999998 0 0.3779375 0.034375 0.3765625 0.3734375 0.3046875 0.5296875 0.2701322109375 0.5296875 0
0 0.0515625 0.065625 0.103125 0.075
0 0.46875 0.0203125 0.121875 0.040625
0 0.4953125 0.159375 0.06875 0.121875
0 0.33671875 0.29609375 0.2234375 0.065625
2 1 0.51875 1 0.4226831890625 0.8734375 0.4125 0.834375 0.4046875 0.74375 0.4046875 0.7015625 0.3859375 0.5796875 0.371875 0.575 0.375 0.5765625 0.41875 0.5609375 0.503125 0.56123511875 0.51875 1 0.51875
0 0.8828125 0.46015625 0.1875 0.1
2 0 1 0.5296875 1 0.5296875 0.7259014421875 0.528125 0.725 0.396875 0.6828125 0.3640625 0.653125 0.3359375 0.659375 0.3140625 0.65625 0.178125 0.6078125 0.109375 0.59375 0.0484375 0.56875 0 0.5543750000000001 0 1
0 0.40234375 0.87890625 0.2546875 0.2421875
0 0.08046875 0.86953125 0.1609375 0.2609375
0 0.28515625 0.73203125 0.3296875 0.2234375
2 0.5296875 1 0.8765625 1 0.8765625 0.971875 0.8703125 0.909375 0.84375 0.8515625 0.815625 0.8453125 0.5296875 0.8441009000000002 0.5296875 1
0 0.75390625 0.8703125 0.2078125 0.06171875
0 0.58515625 0.97734375 0.1109375 0.0453125