2 0.4190625 0 0.3640625 0.034375 0.3609375 0.0578125 0.365625 0.0703125 0.390625 0.071875 0.4046875 0.090625 0.403125 0.109375 0.38125 0.1296875 0.3640625 0.128125 0.34375 0.1078125 0.325 0.04375 0.290625 0.009375 0.2546875 0.021875 0.2171875 0.046875 0.175 0.090625 0.16875 0.1078125 0.1359375 0.13125 0.1359375 0.16875 0.15625 0.2421875 0.1609375 0.2828125 0.20625 0.403125 0.2015625 0.4109375 0.0734375 0.4734375 0.0734375 0.5359375 0.10701754375000001 0.6890625 0.60264945625 0.6890625 0.4953125 0.0640625 0.48125 0.03125 0.4609375 0.0046875 0.44375 0 0.4190625 0
0 0.315625 0.44765625 0.075 0.2109375
0 0.48125 0.5296875 0.209375 0.31875
0 0.34140625 0.11171875 0.1328125 0.2234375
0 0.19453125 0.1546875 0.0890625 0.1125
0 0.51484375 0.24921875 0.0453125 0.39375
0 0.45078125 0.9453125 0.0578125 0.109375
0 0.59375 0.95703125 0.05 0.0859375
0 0.41875 0.88671875 0.103125 0.0796875
2 1 0.6890625 0.61875 0.6890625 0.61875 0.70701923125 0.6703125 0.759375 0.78125 0.85625 0.8984375 0.971875 0.9171875 0.984375 0.95 0.984375 0.990625 0.953125 1 0.9374155406250001 1 0.6890625
0 0.87734375 0.775 0.2453125 0.171875