2 0.759375 0.5796875 0.759375 0.2588541671875 0.734375 0.2546875 0.5578125 0.29375 0.5265625 0.275 0.5140625 0.2375 0.4953125 0.209375 0.453125 0.1890625 0.4015625 0.184375 0.3515625 0.2078125 0.3359375 0.221875 0.30625 0.30625 0.3 0.353125 0.259375 0.3875 0.190625 0.409375 0.1734375 0.4234375 0.1734375 0.4703125 0.1875 0.5703125 0.1893922015625 0.5796875 0.759375 0.5796875
0 0.27421875 0.4625 0.2046875 0.071875
0 0.528125 0.51796875 0.25 0.1234375
0 0.678125 0.36484375 0.1625 0.0859375
0 0.715625 0.540625 0.0875 0.06875
0 0.9484375 0.15625 0.103125 0.3125
0 0.8140625 0.37578125 0.109375 0.0671875
2 0.759375 0.5796875 0.23834134687500003 0.5796875 0.2359375 0.5953125 0.2359375 0.7921875 0.2484375 0.8390625 0.2640625 0.8515625 0.396875 0.8578125 0.41875 0.86875 0.428125 0.9765625 0.4464176828125 1 0.7355978265625 1 0.74375 0.875 0.759375 0.7700892859375 0.759375 0.5796875
0 0.68828125 0.64296875 0.0890625 0.1265625
2 0.759375 1 1 1 1 0.6686383921875 0.9578125 0.665625 0.946875 0.671875 0.9421875 0.690625 0.93125 0.6984375 0.8734375 0.6953125 0.83125 0.6859375 0.81875 0.6578125 0.8 0.653125 0.7765625 0.6625 0.759375 0.6796875 0.759375 1
0 0.8421875 0.8109375 0.06875 0.23671875
0 0.8890625 0.68671875 0.221875 0.1171875