2 0.659375 0.1829358546875 0.5515625 0.16875 0.5390625 0.0953125 0.4984375 0.0328125 0.45 0.0015625 0.4078125 0 0.3609375 0.025 0.334375 0.059375 0.3203125 0.096875 0.3 0.5140625 0.3359375 0.5875 0.3734375 0.625 0.3875 0.6296875 0.5006392046875 0.6296875 0.534375 0.6 0.5609375 0.5625 0.5796875 0.5015625 0.584375 0.4328125 0.6578125 0.440625 0.659375 0.43821022656249997 0.659375 0.1829358546875
0 0.38828125 0.30625 0.0390625 0.23046875
0 0.51796875 0.4 0.1140625 0.275
0 0.41328125 0.05078125 0.0421875 0.0984375
0 0.51953125 0.14140625 0.0671875 0.175
1 0.9796875 0.0515625 0.9578125 0.0453125 0.8609375 0.0421875 0.825 0.0484375 0.7875 0.0640625 0.74375 0.1015625 0.7296875 0.153125 0.7375 0.21875 0.7921875 0.2234375 0.8890625 0.2171875 0.896875 0.2078125 0.89375 0.1640625 0.9 0.15625 0.959375 0.15625 0.9796875 0.1390625 0.990625 0.1140625 0.9921875 0.0859375 0.9796875 0.0515625
2 0.94375 0.6296875 0.953125 0.6203125 0.9609375 0.6015625 0.959375 0.584375 0.91875 0.53125 0.978125 0.4875 0.98125 0.4703125 0.971875 0.4546875 0.925 0.4125 0.8734375 0.390625 0.659375 0.5351512734375 0.659375 0.5974999999999999 0.6671875 0.6078125 0.69149305625 0.6296875 0.7953125 0.6296875 0.8015625 0.625 0.8075284093749999 0.6296875 0.94375 0.6296875
1 0.6883413468749999 0 0.7015625 0.015625 0.75 0.0453125 0.8015625 0.0546875 0.815625 0.05 0.8484375 0.0125 0.896875 0.0390625 0.91875 0.0390625 0.9625 0.009375 0.971875 0 0.6883413468749999 0
2 0.09080882343749999 0.6296875 0.084375 0.6453125 0.0077107750000000004 1 0.455777615625 1 0.4578125 0.9625 0.4375 0.94375 0.3453125 0.9234375 0.340625 0.915625 0.3671875 0.7265625 0.3625 0.6859375 0.35 0.6578125 0.321875 0.6296875 0.09080882343749999 0.6296875
0 0.15625 0.90078125 0.228125 0.1984375
2 0.6978058515625001 0.6296875 0.671875 0.6703125 0.659375 0.6683388156250001 0.659375 1 1 1 1 0.8234015796874999 0.8703125 0.7578125 0.8640625 0.746875 0.8734375 0.728125 0.8765625 0.690625 0.8640625 0.646875 0.85375 0.6296875 0.6978058515625001 0.6296875
0 0.8765625 0.8953125 0.246875 0.203125