2 0 0.45 0.3907139234375 0.45 0.0609375 0.08125 0.05 0.0734375 0.0296875 0.0734375 0 0.08333333281250001 0 0.45
0 0.30078125 0.3890625 0.1984375 0.121875
0 0.0328125 0.234375 0.065625 0.190625
0 0.071875 0.134375 0.115625 0.134375
2 1 0 0.759375 0 0.759375 0.06875 0.746875 0.0921875 0.746875 0.1078125 0.7109375 0.15 0.6953125 0.18125 0.6859375 0.2578125 0.703125 0.325 0.74375 0.384375 0.7411764703125 0.45 0.9756952406250001 0.45 1 0.191539634375 1 0
0 0.8375 0.39765625 0.153125 0.1046875
0 0.96640625 0.2625 0.0671875 0.375
2 0.1959821421875 0.45 0.1703125 0.4890625 0.11875 0.5921875 0.0828125 0.6921875 0.078125 0.74375 0.090625 0.765625 0.15625 0.80625 0.159375 0.821875 0.1125 0.915625 0.1078125 0.9734375 0.11592881875000001 1 0.4 1 0.4 0.5134798734375 0.3890625 0.528125 0.3765625 0.53125 0.365625 0.525 0.2795594265625 0.45 0.1959821421875 0.45
2 0.4 1 0.50625 1 0.5046875 0.946875 0.509375 0.9359375 0.5953125 0.9203125 0.596875 0.8671875 0.5859375 0.8078125 0.5796875 0.8015625 0.503125 0.8015625 0.49375 0.74375 0.46875 0.7390625 0.4 0.744872359375 0.4 1
2 0.47433035781250005 0.45 0.4609375 0.459375 0.4 0.5570419515625 0.4 0.7072916671874999 0.415625 0.7125 0.478125 0.721875 0.5171875 0.665625 0.59375 0.6765625 0.6359375 0.6265625 0.65 0.5984375 0.65 0.58125 0.5921875 0.55625 0.5890625 0.55 0.590625 0.5390625 0.615625 0.5078125 0.6125 0.490625 0.540625 0.459375 0.4857142859375 0.45 0.47433035781250005 0.45
2 0.8984375 0.559375 0.8765625 0.525 0.8515625 0.5 0.8328125 0.4953125 0.7671875 0.515625 0.73125 0.534375 0.703125 0.5578125 0.6859375 0.5875 0.6828125 0.6171875 0.6875 0.64375 0.721875 0.7015625 0.7390625 0.71875 0.7890625 0.715625 0.8578125 0.6796875 0.8640625 0.6625 0.8375 0.6171875 0.8859375 0.6 0.903125 0.5875 0.8984375 0.559375
2 0.4 0.7029296875 0.4171875 0.709375 0.4828125 0.71875 0.5171875 0.6625 0.5828125 0.68125 0.5984375 0.6796875 0.634375 0.6296875 0.653125 0.5796875 0.5828125 0.5546875 0.6109375 0.5046875 0.6078125 0.49375 0.534375 0.4625 0.4671875 0.453125 0.4 0.554652778125 0.4 0.7029296875
1 0.775 0.85625 0.8390625 0.825 0.7875 0.7515625 0.765625 0.7296875 0.75625 0.7296875 0.69375 0.7546875 0.6640625 0.775 0.6359375 0.803125 0.621875 0.8296875 0.6234375 0.8890625 0.6453125 0.925 0.6890625 0.9765625 0.7078125 0.978125 0.7421875 0.96875 0.775 0.9515625 0.80625 0.925 0.8109375 0.9046875 0.775 0.85625
2 1 0.710216346875 0.9703125 0.7125 0.9625 0.665625 0.95 0.6640625 0.8609375 0.6734375 0.834375 0.6921875 0.84375 0.7203125 0.8484375 0.771875 0.8671875 0.7796875 0.8609375 0.7859375 0.840625 0.78125 0.840625 0.8 0.853125 0.884375 0.8671875 0.8984375 0.93125 0.9046875 0.9859375 0.89375 0.9953125 0.8859375 0.9890625 0.8234375 1 0.8215353265625 1 0.710216346875