2 0 0 0 0.2984375 0.2203125 0.225 0.246875 0.2125 0.2640625 0.1953125 0.278125 0.1125 0.278125 0.065625 0.2655048078125 0 0 0
0 0.053125 0.296875 0.10625 0.14375
0 0.2109375 0.125 0.13125 0.25
2 0 1 0.28325892812500003 1 0.2859375 0.9859375 0.2859375 0.865625 0.2796875 0.8359375 0.26875 0.821875 0.15 0.80625 0.1375 0.7328125 0.096875 0.6703125 0.0484375 0.6390625 0.00625 0.6375 0 0.6408333328125 0 1
0 0.11640625 0.95 0.1140625 0.1
0 0.01640625 0.68828125 0.0328125 0.0984375
0 0.11796875 0.77890625 0.0671875 0.175
1 0.8484375 0.57734375 0.303125 0.1171875
1 0.45 1 0.49473642812499996 1 0.485792825 0.9739583343749999 0.489496528125 0.9614583343749998 0.49875578593750003 0.9572916671874999 0.563570603125 0.9454861109374999 0.6357928234375001 0.937847221875 0.64375 0.931879340625 0.64375 0.9169518906249999 0.6385706015625 0.8614583343750001 0.6339409734375 0.84618055625 0.6237557859375 0.8385416671874999 0.601533565625 0.834375 0.603385415625 0.830902778125 0.6237557859375 0.8225694453125 0.627459490625 0.803125 0.6098668984375 0.7350694453125 0.602459490625 0.7302083343750001 0.59320023125 0.7302083343750001 0.45 0.7478149203125 0.45 1
0 0.575 0.83359375 0.1125 0.071875
0 0.96875 0.55703125 0.0625 0.0765625