0 0.01484375 0.1984375 0.0296875 0.228125
0 0 0.3 0.0171875 0.2453125 0.028125 0.1515625 0.028125 0.121875 0.0140625 0.115625 0 0.1600328953125 0 0.3
2 0.8251166046874999 0.5 0.8328125 0.4484375 0.8265625 0.3859375 0.8171875 0.378125 0.68125 0.33125 0.4875 0.246875 0.3625 0.1984375 0.3390625 0.1955078125 0.3390625 0.497844828125 0.3436921296875 0.5 0.8251166046874999 0.5
0 0.178125 0.5390625 0.171875 0.534375 0.1578125 0.55 0.140625 0.5875 0.14375 0.65 0.1640625 0.6984375 0.1859375 0.728125 0.2125 0.7390625 0.2609375 0.7421875 0.2828125 0.7359375 0.3 0.70625 0.3015625 0.646875 0.2703125 0.6296875 0.2234375 0.6234375 0.203125 0.578125 0.1859375 0.571875 0.178125 0.5390625
0 0.165625 0.8109375 0.16875 0.7984375 0.1828125 0.784375 0.1890625 0.753125 0.1890625 0.7390625 0.1671875 0.7171875 0.1546875 0.725 0.15 0.7359375 0.140625 0.828125 0.109375 0.9265625 0.115625 0.9421875 0.1265625 0.95 0.14375 0.94375 0.1609375 0.928125 0.165625 0.8109375
0 0.3390625 0.85875 0.3328125 0.85 0.3171875 0.8578125 0.2953125 0.8484375 0.2890625 0.8515625 0.284375 0.86875 0.2890625 0.96875 0.293817934375 1 0.3390625 1 0.3390625 0.9942708328125001 0.3375 0.9796875 0.3265625 0.9625 0.3171875 0.8828125 0.321875 0.878125 0.3328125 0.8953125 0.3390625 0.8678125 0.3390625 0.85875
0 0.1871875 0.5 0.1859375 0.55 0.19375 0.571875 0.2109375 0.5875 0.2234375 0.621875 0.2328125 0.6265625 0.25 0.615625 0.26875 0.615625 0.321875 0.63125 0.3390625 0.64225 0.3390625 0.54375 0.3157291671875 0.5 0.1871875 0.5
0 0.140625 0.63125 0.134375 0.609375 0.1296875 0.609375 0.1 0.675 0.096875 0.753125 0.1015625 0.7578125 0.1171875 0.7515625 0.1328125 0.7546875 0.1390625 0.746875 0.134375 0.7328125 0.1203125 0.7296875 0.1421875 0.690625 0.140625 0.63125
2 0.3390625 1 0.7335593546875 1 0.7140625 0.903125 0.6953125 0.8359375 0.690625 0.7921875 0.678125 0.7546875 0.653125 0.7109375 0.5984375 0.6859375 0.5765625 0.684375 0.5265625 0.70625 0.5 0.771875 0.484375 0.8328125 0.4578125 0.86875 0.3390625 0.892206790625 0.3390625 1
0 0.628125 0.9578125 0.1125 0.084375
0 0.6203125 0.73984375 0.075 0.1359375
0 0.5140625 0.7859375 0.140625 0.24921875