2 0.1057291671875 0 0.0484375 0.0171875 0 0.0421401515625 0 0.18649553593749998 0.0015625 0.1953125 0 0.1958938953125 0 0.4796875 0.46875 0.4796875 0.46875 0.2246228453125 0.4671875 0.2234375 0.4625 0.20625 0.4546875 0.2 0.3703125 0.2015625 0.3015625 0.2171875 0.278125 0.2125 0.2375 0.01875 0.2203125 0.0078125 0.21614583281250002 0 0.1057291671875 0
0 0.1578125 0.19375 0.1578125 0.2328125 0.165625 0.2453125 0.2515625 0.1890625 0.2484375 0.171875 0.2328125 0.1546875 0.203125 0.1546875 0.16875 0.171875 0.1578125 0.19375
0 0.1296875 0.346875 0.13125 0.36875 0.153125 0.3921875 0.19375 0.4140625 0.203125 0.4359375 0.2171875 0.4390625 0.234375 0.4140625 0.271875 0.3890625 0.2734375 0.3625 0.2625 0.34375 0.234375 0.321875 0.1609375 0.3140625 0.1359375 0.33125 0.1296875 0.346875
0 0.46875 0.2260416671875 0.453125 0.2234375 0.4171875 0.2484375 0.4140625 0.2671875 0.4375 0.271875 0.453125 0.2890625 0.46875 0.2890625 0.46875 0.2260416671875
0 0.46875 0.41376768906250005 0.465625 0.4140625 0.4421875 0.425 0.415625 0.4265625 0.4046875 0.4375 0.4390625 0.453125 0.46875 0.453125 0.46875 0.41376768906250005
0 0.68046875 0.24921875 0.0859375 0.0703125
2 0.62578125 0.21875 0.221875 0.35
0 0.62421875 0.10859375 0.0375 0.084375
0 0.55390625 0.29609375 0.054296875 0.123046875
0 0.0515625 0.76640625 0.094140625 0.0765625
0 0.07734375 0.90625 0.140625 0.06875
1 0 1 0.01570883125 1 0.0126531859375 0.9884140109375 0.0133884796875 0.9838388468750001 0.0187806375 0.9727277359375 0.021966912499999998 0.9694597625 0.0442708328125 0.959002246875 0.056035539062499994 0.9521395015625 0.08887867656250001 0.9393944031250001 0.104319853125 0.9289368875000001 0.12098652031249998 0.92109375 0.1249080875 0.9152113968750001 0.1278492640625 0.9041002859375 0.1276041671875 0.89691074375 0.12441789218749999 0.867825775 0.11681985312500001 0.8273029000000001 0.11485906875 0.8220741421875001 0.1109375 0.8174989781249999 0.1067708328125 0.80769505625 0.1048100484375 0.8060610703125001 0.09917279375 0.807368259375 0.0967218140625 0.8047538796874999 0.0969669125 0.8031198937500001 0.0989276953125 0.8024662984375001 0.10505514687499999 0.8024662984375001 0.11216299062499999 0.7972375406250001 0.11485906875 0.793315971875 0.116084559375 0.787760415625 0.11559436249999999 0.7838388468749999 0.10456495156250001 0.7704401546874999 0.095741421875 0.741028390625 0.0798100484375 0.6962571484375 0.0751531859375 0.689394403125 0.066819853125 0.683838846875 0.027113970312500003 0.6975643375 0 0.7090794062500001 0 1
2 0.5428943453125 0.4796875 0.553125 0.5140625 0.5515625 0.5375 0.5640625 0.553125 0.4828125 0.55 0.475 0.553125 0.46875 0.5670138890625 0.46875 0.6221354171875 0.4703125 0.625 0.5296875 0.68125 0.5609375 0.7015625 0.5578125 0.7171875 0.5234375 0.7515625 0.5078125 0.7828125 0.5109375 0.84375 0.534375 0.903125 0.571875 0.9578125 0.6015625 0.9875 0.6246394234375 1 0.6716796875 1 0.6921875 0.984375 0.7109375 0.9546875 0.7640625 0.896875 0.778125 0.8953125 0.796875 0.928125 0.8203125 0.9375 0.8934057203125001 1 1 1 1 0.63828125 0.7885416671875 0.4796875 0.5428943453125 0.4796875
0 0.60546875 0.58125 0.2734375 0.203125
0 0.88046875 0.9140625 0.2140625 0.1375
0 0.946875 0.69296875 0.10625 0.2671875