2 0.0255952375 0 0.0015625 0.059375 0 0.06546874999999999 0 0.574609375 0.028125 0.60625 0.0453125 0.6109375 0.0703125 0.6296875 0.151875 0.6296875 0.1828125 0.6203125 0.20625 0.609375 0.2109375 0.6 0.225 0.6046875 0.2375 0.590625 0.2375 0.575 0.246875 0.5703125 0.2578125 0.5515625 0.2625 0.4859375 0.25625 0.4703125 0.265625 0.45625 0.265625 0.4390625 0.215625 0.190625 0.196875 0.1234375 0.1921875 0.0796875 0.1796875 0.0421875 0.1555803578125 0 0.0255952375 0
0 0.1296875 0.28984375 0.1125 0.171875
0 0.03203125 0.4296875 0.0640625 0.196875
0 0.21953125 0.3953125 0.0796875 0.246875
0 0.121875 0.04765625 0.075 0.0953125
0 0.04296875 0.0984375 0.0859375 0.196875
0 0.54140625 0.5265625 0.1796875 0.20625
2 0.3390625 1 0.3390625 0.7179347828125 0.325 0.709375 0.271875 0.70625 0.2296875 0.7203125 0.196875 0.7453125 0.15 0.8171875 0.125 0.9 0.1265625 0.9796875 0.1203125 0.9921875 0.1059895828125 1 0.3390625 1
2 0.343303571875 0.6296875 0.3390625 0.6350852265625 0.3390625 0.9231971156250001 0.365625 0.9375 0.53125 0.9921875 0.5509072578125 1 0.9427400921875 1 0.9625 0.9046875 0.9578125 0.8703125 0.9421875 0.859375 0.915625 0.825 0.928125 0.7796875 0.946875 0.753125 0.940625 0.7296875 0.7984375 0.69375 0.7921875 0.66875 0.75625 0.640625 0.715625 0.6359375 0.7 0.640625 0.6828125 0.65625 0.6515625 0.6625 0.5244140625 0.6296875 0.343303571875 0.6296875
0 0.4796875 0.89296875 0.28125 0.2140625
0 0.8 0.95390625 0.159375 0.0921875
0 0.87421875 0.81015625 0.1609375 0.15625
0 0.45546875 0.66640625 0.1953125 0.0734375