2 0 0.5638786765625 0.0203125 0.5734375 0.25 0.6515625 0.3296875 0.6703125 0.5078125 0.728125 0.5671875 0.740625 0.5828125 0.7203125 0.6 0.6453125 0.6203125 0.4765625 0.6140625 0.4421875 0.6203125 0.40625 0.6015625 0.3875 0.4609375 0.34375 0.453125 0.334375 0.4578125 0.2765625 0.440625 0.2359375 0.425 0.2171875 0.3859375 0.1921875 0.3515625 0.1859375 0.325 0.190625 0.3078125 0.2046875 0.2859375 0.2328125 0.2671875 0.28125 0.2515625 0.2890625 0.0796875 0.240625 0.046875 0.2375 0.0359375 0.24375 0.0171875 0.2671875 0.0015625 0.303125 0 0.30961538437499997 0 0.5638786765625
0 0.09296875 0.309375 0.1703125 0.09375
0 0.5015625 0.47734375 0.221875 0.2296875
0 0.11953125 0.55234375 0.2390625 0.1765625
0 0.496875 0.66875 0.18125 0.1125
2 1 0.15579955 0.8296875 0.3015625 0.790625 0.328125 0.73125 0.3859375 0.7234375 0.4109375 0.7234375 0.4578125 0.7359375 0.5125 0.771875 0.58125 0.8125 0.6171875 0.84375 0.6203125 0.8578125 0.6140625 0.953125 0.515625 0.9796875 0.51875 1 0.5379934203125 1 0.15579955
0 0.8375 0.48671875 0.178125 0.2296875
1 0.11953125 0.9 0.2390625 0.2
0 0.0921875 0.990625 0.04375 0.01875
0 0.01171875 0.82890625 0.0234375 0.0390625
0 0.16875 0.8171875 0.103125 0.034375
0 0.16484375 0.9671875 0.0359375 0.065625
2 0.66875 1 0.9592013890625001 1 0.9515625 0.975 0.9328125 0.940625 0.909375 0.9140625 0.86875 0.890625 0.7375 0.8484375 0.7046875 0.81875 0.6765625 0.825 0.66875 0.823883928125 0.66875 1
0 0.8203125 0.96171875 0.303125 0.0765625
0 0.7296875 0.9 0.121875 0.2