2 0.053533653125000004 0 0.05920673125 0.36875 0.45 0.36875 0.4546875 0.3546875 0.4703125 0.246875 0.4625 0.1609375 0.446875 0.121875 0.31875 0.1078125 0.303125 0.0984375 0.303125 0.0125 0.30120192343749996 0 0.053533653125000004 0
0 0.15 0.271875 0.065625 0.19375
0 0.31328125 0.3203125 0.0859375 0.096875
0 0.284375 0.0765625 0.046875 0.153125
2 0.5390625 0.36875 0.836328125 0.36875 0.834375 0.365625 0.8109375 0.353125 0.7796875 0.35 0.7703125 0.34375 0.7609375 0.2609375 0.734375 0.2078125 0.7109375 0.1828125 0.66875 0.159375 0.621875 0.153125 0.5703125 0.1671875 0.565625 0.1765625 0.55 0.175 0.5390625 0.18812500000000001 0.5390625 0.36875
2 0.5390625 1 0.5390625 0.5490451390625 0.5171875 0.5484375 0.4796875 0.5640625 0.4609375 0.590625 0.4453125 0.7453125 0.375 0.7375 0.3578125 0.746875 0.346875 0.86875 0.346875 0.9375 0.35625 0.946875 0.4046875 0.9515625 0.4265625 0.9609375 0.42235576874999997 1 0.5390625 1
0 0.5046875 0.64921875 0.06875 0.1796875
0 0.43125 0.93828125 0.0625 0.1234375
2 0.5390625 0.36875 0.5390625 1 0.7779296875 1 0.78125 0.9734375 0.775 0.8515625 0.78125 0.8328125 0.890625 0.83125 0.9109375 0.8234375 0.9203125 0.8078125 0.9359375 0.7015625 0.9359375 0.6015625 0.93125 0.56875 0.91875 0.553125 0.840625 0.54375 0.8078125 0.5359375 0.7984375 0.528125 0.8109375 0.434375 0.813125 0.36875 0.5390625 0.36875
0 0.63359375 0.69140625 0.1890625 0.3828125
0 0.74609375 0.91171875 0.0890625 0.1765625