2 0 0.609375 0.459375 0.609375 0.459375 0.2960227265625 0.453125 0.29375 0.4453125 0.26875 0.3984375 0.23125 0.3296875 0.2046875 0.2703125 0.203125 0.2484375 0.2140625 0.2390625 0.203125 0.2265625 0.2015625 0.1984375 0.2171875 0.16875 0.24375 0.1265625 0.3125 0.1109375 0.296875 0.0859375 0.2984375 0.059375 0.315625 0.028125 0.3484375 0 0.39263392812500003 0 0.609375
2 0.75625 0.496875 0.225 0.225
0 0.6859375 0.54375 0.06171875 0.0515625
1 0.51796875 0.51875 0.1171875 0.18125
0 0.8015625 0.43359375 0.04140625 0.05703125
0 0.80078125 0.5671875 0.0640625 0.084375
2 0.93828125 0.02578125 0.1234375 0.0484375
0 0.51875 0.528125 0.07734375 0.07109375
2 0 1 0.43224431875 1 0.4296875 0.9859375 0.4359375 0.95 0.4171875 0.93125 0.2765625 0.8875 0.26875 0.878125 0.2734375 0.8203125 0.25625 0.7796875 0.240625 0.7609375 0.2015625 0.7359375 0.1671875 0.7296875 0.140625 0.734375 0.1234375 0.7484375 0.1015625 0.7765625 0.0828125 0.825 0.0671875 0.8328125 0 0.8138778406250001 0 1
0 0.3171875 0.953125 0.221875 0.09375
1 1 0.609375 0.6046875 0.609375 0.6046875 0.659375 0.5890625 0.678125 0.5921875 0.690625 0.60625 0.703125 0.60625 0.8046875 0.6109375 0.8171875 0.6359375 0.8265625 0.7515625 0.828125 0.85625 0.821875 0.95625 0.8046875 0.9609375 0.78125 0.9453125 0.6671875 0.9515625 0.6484375 1 0.6384650734374999 1 0.609375