2 0.10888157968750001 0 0.090625 0.1734375 0.0671875 0.2421875 0.071875 0.3390625 0.0381578953125 0.659375 0.2932185375 0.659375 0.3890625 0.0640625 0.3828125 0.0296875 0.3484375 0.003125 0.340557065625 0 0.208203125 0 0.1828125 0.040625 0.1640625 0.0359375 0.1484375 0.0234375 0.133203125 0 0.10888157968750001 0
0 0.225 0.140625 0.23125 0.28125
0 0.30859375 0.4375 0.0515625 0.3
0 0.23515625 0.58203125 0.0796875 0.1546875
0 0.05234375 0.603125 0.0390625 0.1125
1 0.801348040625 0.2579605796875 0.806740196875 0.24456188750000002 0.8140931375000001 0.2177645015625 0.8136029421875 0.2112285546875 0.80551470625 0.194235090625 0.7991421578125 0.1880259390625 0.7912990203125 0.1772416265625 0.78051470625 0.16874489374999999 0.7763480406250001 0.1638429328125 0.7697303921875001 0.1595945671875 0.7589460796875 0.1553462015625 0.7496323515625 0.152731821875 0.7444852953125001 0.152731821875 0.7204656875 0.1573069859375 0.7094362750000001 0.16090175625 0.6898284328125 0.17691482812499998 0.68051470625 0.1939082921875 0.6761029421875 0.208940971875 0.6692401968749999 0.22658803125000002 0.665808825 0.24031352187500002 0.6609068640625 0.25305861875 0.656740196875 0.270705678125 0.6506127453125 0.2883527375 0.640808825 0.32495404375 0.6390931375 0.3350847640625 0.6375 0.3552645046875 0.6375 0.367887046875 0.6390931375 0.402405025 0.64301470625 0.41645731250000007 0.6488970593750001 0.42626123437499996 0.6596813734375 0.43900633125 0.6741421578125 0.44848345624999997 0.6800245109375 0.45371221406249995 0.701838234375 0.46384293281250005 0.7128676484375001 0.4713592734375 0.7324754890625 0.4805096 0.773161765625 0.505019403125 0.8033409234375 0.515625 0.8057651671875 0.515625 0.8079656875 0.514496528125 0.814338234375 0.5079605796875 0.8253676484374999 0.47854881562499996 0.8302696062500001 0.460574959375 0.8439950984374999 0.418418096875 0.84938725625 0.394888684375 0.85625 0.37068460000000003 0.85625 0.35098890312500003 0.85526960625 0.348156659375 0.851348040625 0.3452154828125 0.8373774515625 0.33900633125 0.81875 0.32789522031249996 0.795710784375 0.31874489375000004 0.7905637249999999 0.314496528125 0.78762255 0.302405025 0.78762255 0.298156659375 0.7974264718749999 0.2736468546875 0.801348040625 0.2579605796875
0 0.74453125 0.18984375 0.0515625 0.065625
0 0.8046875 0.41953125 0.068359375 0.1078125
2 0.51875 0.659375 0.158052884375 0.659375 0.2359375 0.7015625 0.2078125 0.7625 0.203125 0.8125 0.209375 0.840625 0.2375 0.890625 0.265625 0.921875 0.296875 0.9453125 0.3359375 0.959375 0.3671875 0.959375 0.396875 0.934375 0.446875 0.840625 0.4578125 0.8359375 0.465625 0.8484375 0.5125 0.865625 0.51875 0.8691826921875 0.51875 0.659375
0 0.4546875 0.77421875 0.128125 0.1671875
2 0.51875 0.659375 0.51875 0.9454833984375 0.5203125 0.9453125 0.5609375 0.946875 0.5673986484375 1 0.7539540812500001 1 0.753125 0.9796875 0.7578125 0.9265625 0.8609375 0.909375 0.8828125 0.896875 0.8921875 0.875 0.9109375 0.859375 0.915625 0.76875 0.90625 0.6703125 0.901 0.659375 0.51875 0.659375
0 0.8609375 0.88671875 0.140625 0.10625