0 0.23671875 0.065625 0.0953125 0.13125
0 0.41875 0.03359375 0.05625 0.0671875
0 0.37734375 0.31796875 0.0921875 0.2890625
0 0.45859375 0.49453125 0.1140625 0.3890625
0 0.40565476250000004 0 0.41875 0.05 0.4234375 0.0515625 0.43125 0.040625 0.43125 0 0.40565476250000004 0
0 0.222751525 0 0.2265625 0.0390625 0.2421875 0.1 0.25625 0.1078125 0.2396634609375 0 0.222751525 0
0 0.3640625 0.2921875 0.3515625 0.2859375 0.34375 0.303125 0.35625 0.3125 0.3640625 0.2921875
0 0.3984375 0.265625 0.390625 0.378125 0.396875 0.371875 0.4 0.3484375 0.403125 0.2671875 0.3984375 0.265625
0 0.459375 0.6578125 0.478125 0.640625 0.5 0.5890625 0.5 0.428125 0.49375 0.4140625 0.471875 0.409375 0.4578125 0.4171875 0.4625 0.4703125 0.4546875 0.5046875 0.4421875 0.528125 0.4359375 0.578125 0.409375 0.65625 0.415625 0.6734375 0.459375 0.6578125
2 0.76484375 0.3671875 0.4703125 0.64375
0 0.97890625 0.3046875 0.0421875 0.125
2 0 0.6890625 0 0.9105113640625 0.0015625 0.9109375 0.03125 0.9109375 0.0984375 0.846875 0.1375 0.796875 0.1671875 0.7921875 0.3046875 0.865625 0.3203125 0.8671875 0.3453125 0.85625 0.3828125 0.8265625 0.459375 0.7375 0.4796875 0.690625 0.4796875 0.6890625 0 0.6890625
2 1 0.6890625 0.5296875 0.6890625 0.5296875 0.7975446421875001 0.53125 0.7984375 0.5578125 0.7984375 0.7125 0.7890625 0.71875 0.7984375 0.7359375 0.9125 0.75 0.9375 0.76875 0.953125 0.80625 0.9640625 0.834375 0.9640625 0.8953125 0.9453125 0.9296875 0.915625 0.946875 0.884375 0.9515625 0.8515625 0.9390625 0.8015625 0.94375 0.79375 1 0.789634146875 1 0.6890625
0 0.61875 0.746875 0.178125 0.115625