2 0.5296875 0.41109375000000004 0.51875 0.396875 0.5015625 0.3515625 0.465625 0.3078125 0.4265625 0.2875 0.403125 0.2875 0.3453125 0.3359375 0.1890625 0.4984375 0.1698579546875 0.51875 0.51476293125 0.51875 0.521875 0.509375 0.5296875 0.490625 0.5296875 0.41109375000000004
0 0.41015625 0.32265625 0.0453125 0.0703125
0 0.51171875 0.45 0.0359375 0.1375
2 0.735 0 0.73125 0.003125 0.590625 0.1625 0.5296875 0.23953419843749998 0.5296875 0.4757240859375 0.546875 0.4765625 0.571875 0.3953125 0.5859375 0.384375 0.590625 0.4375 0.625 0.515625 0.62579941875 0.51875 0.8174479171875 0.51875 0.81875 0.4953125 0.7828125 0.371875 0.784375 0.35625 0.8140625 0.3328125 0.9078125 0.23125 0.9203125 0.2015625 0.9171875 0.1515625 0.9 0.103125 0.8671875 0.040625 0.8309151781249999 0 0.735 0
0 0.71875 0.10859375 0.159375 0.146875
0 0.8234375 0.24140625 0.053125 0.18125
0 0.8078125 0.02421875 0.053125 0.0484375
0 0.57578125 0.48203125 0.0921875 0.0734375
0 0.5890625 0.38828125 0.10625 0.1625
2 0 0.51875 0 0.9590765453125 0.0169798953125 1 0.3468042984375 1 0.200904978125 0.51875 0 0.51875
0 0.075 0.7265625 0.09375 0.415625
2 0.74600694375 0.51875 0.7390625 0.5265625 0.725 0.5609375 0.7171875 0.6203125 0.621875 0.6390625 0.61875 0.7453125 0.6296875 0.815625 0.65 0.8203125 0.690625 0.815625 0.6953125 0.828125 0.69375 0.871875 0.7109375 0.8828125 0.7390625 0.88125 0.7703125 0.9640625 0.778125 0.9703125 0.8046875 0.971875 0.85625 0.9515625 0.878125 0.91875 0.8859375 0.8921875 0.8921875 0.5765625 0.8828125 0.5359375 0.86953125 0.51875 0.74600694375 0.51875
0 0.79921875 0.87109375 0.2015625 0.2
0 0.821875 0.61953125 0.09375 0.1796875